1063.8,295.8,3.5,4,0
1032.8,406.8,5,5.5,0
1017.8,415.8,5,5.5,-0.349
989.8,408.8,9,9.5,-0.175
1002.8,406.8,4,4.5,-0.175
1000.8,418.8,4,4.5,-0.175
1007.8,422.8,3,3.5,-0.175
1004.8,433.8,4,4.5,-0.175
998.8,438.8,3.5,4,-0.175
993.8,440.8,3,3.5,-0.175
1006.8,451.8,4.5,5,-0.175
984.8,449.8,9.5,11.5,0
992.8,458.8,3,3.5,0
1058.8,432.8,4.5,5,0
1048.8,439.8,4.5,5,0
1065.8,402.8,10,11,0
1090.8,419.8,5,5.5,0
1089.8,406.8,4.5,5,0
1110.8,424.8,9.5,10.5,0
1109.8,454.8,7,8,0
1042.8,470,11,12,0.262
1030.8,475,2.5,3,0
1012.8,486,4.5,5,0
1004.8,488,3.5,4,0
1019.8,502,7,8.5,0
1034.8,503,8,9.5,0
1117.8,484,5,5.5,0
1115.8,492,4.5,5,0
1100.8,498,3.5,4,0
1091.8,499,4,4.5,0
1085.8,499,3.5,4,0
1054.8,525,8,9.5,0
1088.8,519,9.5,10.5,0
1104.8,522,7.5,8.5,0
1073.8,534,12,12.5,0
1083.8,139.4,5.5,6,0
1092.8,146.4,4.5,5,0
1113.8,165.4,5.5,6,0
1102.8,152.4,3,3.5,0
1101.8,143.4,3,3.5,0
1087.8,130.4,3.5,4,0
1100.8,178.4,3,3.5,0
1105.8,165.4,2.5,3,0
1133.8,169.4,2.5,3,0
1024.8,100.4,3.5,4,0
1069.8,175.6,12,12.5,0
1061.8,161.6,9,7.5,1.047
987.8,529.6,6,6.5,0
1108.8,544.6,9,9,0
1122.8,539.6,7,8.5,0
55,536.25,3.5,4,0
65,534.25,4.5,5,0
78,533.25,4.5,5,0
89,532.25,5,5.5,0
103,530.25,5.5,6,0
116,525.25,6.5,7,0
137,520.25,7,7.5,0
155,515.25,7,7.5,0
183,507.25,7.5,8,0
113,498.25,3.5,4,0
121,497.25,4,4.5,0
131,494.25,4.5,5,0
143,488.25,5.5,6,0
155,483.25,5.5,7,0
165,477.25,6,7.5,0
162,498.25,3.5,4,0
171,493.25,4.5,5,0
182,490.25,5.5,6,0
210,500.25,8,9,-0.087
236,515.25,8,9,-0.087
230,528.25,8,9,-0.087
210,520.25,7,8,-0.087
195,524.25,5.5,7,-0.087
185,519.25,5.5,6.5,0
181,528.25,6,7,0
166,530.25,6,7,0
155,531.25,4.5,5.5,0
146,534.25,4.5,5.5,0
172,402,9,9.5,0
185,438,5.5,6,0
171,449,3,3.5,0
178,443,4.5,5,0
206,471,7,7.5,0
187,467,7,7.5,0
195,477,5.5,7,0.087
219,456,7,8,0
223,439,5.5,6,0
200,425,6.5,7,0
214,418,7,7,0
231,409,7,7.5,0
57,444,4.5,5,0
67,419,5.5,6.5,0
44,410,4,4.5,0
31,447,3.5,4,0
260,484,10.5,12.5,0
279,470,8.5,9.5,0.087
255,450,7.5,8.5,0.087
241,440,7.5,8.5,0.087
276,433,9,10,0.087
308,423,8.5,9.5,0.087
333,451,9,10,0.087
318,473,5.5,6.5,0.087
295,489,4.5,5,0.087
302,484,4.5,5,0.087
284,512,9,10.5,0.087
317,495,10,10.5,0.087
358,513,8.5,10,0.087
347,496,7.5,8,0.087
334,496,6.5,7,0.087
334,514,7,7.5,0.087
322,511,7,7.5,0.087
336,527,8.5,9,0.087
385,481,11.5,10,0.087
374,506,6,6.5,0.087
389,499,6,6.5,0.087
403,492,6.5,7,0.087
407,505,4,4.5,0.087
357,467,4.5,5,0.087
366,454,3.5,4,0.087
363,462,3.5,4,0.087
425,486,3.5,4,0.087
433,481,4.5,5,0.087
358,424,5.5,6,0.087
278,535,7,7.5,0.087
264,536,5.5,6,0.087
289,530,5,5.5,0.087
326,538,7.5,8.5,0.087
358,546,13.5,14,0.087
332,555,13.5,14,0.087
394,522,11.5,14.5,-0.436
185,543,6,6.5,0
169,544,5.5,6,0
308,540,8,8.5,0
289,545,7,7.5,-0.262
268,547,7.5,8,-0.087
296,470,8,10,-0.611
205,446,3.5,4,0
210,445,3.5,4,0
386,435,11,8.5,0
433,425,12,9.5,0
409,420,3,3.5,0
417,409,4,4.5,0
411,402,3.5,4,0
407,411,4,4.5,0
413,416,3.5,4,0
251,421,4,4.5,0
279,402,7.5,8,0
294,424,5.5,6,0
296,414,5.5,6,0
296,518,3.5,4,0
252,538,6,6.5,0
128,535,4,4.5,0
85,392.8,6,6.5,0
121,376.8,6,6.5,0
111,375.8,5.5,6,0
74,391.8,5,5.5,0
20,418.8,3.5,3.5,0
179,353.8,8,8.5,0
161,345.8,8,8.5,0
77,333.4,7,7.5,0
113,238.4,5.5,6,0
169,257.4,6,6.5,0
215,308.4,6.5,7,0
197,324.4,5,5.5,0
221,287.4,5,5.5,0
197,280.4,8.5,9,0
212,293.4,4,4.5,0
215,241.4,7.5,8,0
236,252.4,5,5.5,0
228,255.4,4,4.5,0
231,227.4,6,6.5,0
225,216.4,5,5.5,0
240,223.4,6.5,7,0
259,236.4,3,3.5,0
250,210.4,6,6.5,0
265,232.4,4.5,5,0
206,169.6,7,7.5,0
126,153.6,7.5,8,0
112,155.6,6,6.5,0
102,165.6,6.5,7.5,0
97,156.6,5.5,6,0
84,157.6,5,5.5,0
76,158.6,4.5,5,0
68,159.6,4,4.5,0
61,159.6,3.5,4,0
33,182.6,5.5,6,0
147,149.6,4,4.5,0
148,159.6,4,4.5,0
138,159.6,3.5,4,0
160,156.6,5,5.5,0
161,168.6,5,5.5,0
186,159.6,3.5,4,0
167,159.6,4,4.5,0
167,194.6,4,4.5,0
176,144.6,3.5,4,0
192,143.6,3.5,4,0
214,179.6,4.5,5,0
239,192.6,5.5,6,0
225,208.6,4,4.5,0
223,153.6,6.5,7.5,0
251,150.6,5.5,6.5,0
239,153.6,3.5,4,0
242,130.6,6,6.5,0
229,132.6,5.5,6,0
223,140.6,6.5,8,0
239,166.6,3,3.5,0
246,167.6,4,4.5,0
252,166.6,4,4.5,0
262,167.6,4.5,5,0
273,166.6,5,5.5,0
237,184.6,4.5,5,0
238,203.6,5,6,-0.175
232,203.6,2.5,3,0
257,195.6,3.5,3.5,0
266,198.6,4,4,0
262,194.6,3,3,0
272,180.6,7.5,8.5,-0.175
283,187.6,5,6,-0.175
296,168.6,7,8,0
278,148.6,4.5,5,0
286,148.6,5.5,6,0
300,147.6,6.5,7.5,0
309,159.6,4,4,0
277,135.6,3.5,4,0
310,184.6,7.5,8.5,0
294,187.6,5.5,6,0
305,203.6,5.5,6,0
282,228.6,9,9.5,0
279,198.6,3.5,4,0
213,114.6,8,8.5,0
212,96.6,5.5,6,0
257,99.6,7.5,8,0
279,98.6,5.5,6,0
300,122.6,6.5,7,0
313,131.6,6.5,7,0
330,150.6,4,4.5,0
119,119.6,5,5.5,0
143,119.6,5,5.5,0
182,116.6,5,5.5,0
159,116.6,6.5,7,0
297,112.6,3.5,4,0
261,114.6,5,5.5,0
256,127.6,4,4.5,0
318,103.6,6.5,7,0
336,191.6,5,5.5,0
338,215.6,5.5,6,0
332,204.6,4,4.5,0
337,203.6,4.5,5,0
228,115.6,5.5,6,0
242,115.6,5.5,6,0
250,113.6,5.5,6,0
328,133.6,5,5.5,0
266,139.6,3,3.5,0
290,140.6,3,3.5,0
269,128.6,4,4.5,0
339,168.6,3.5,4,0
338,63.6,5.5,6.5,0
340,101.6,6,9.5,0
354,107.6,6,6.5,0
378,102.6,5.5,6,0
347,128.6,6.5,7,0
353,144.6,4.5,5,0
358,163.6,5,6,0
347,169.6,5,5.5,0
344,184.6,4,4.5,0
360,194.6,7.5,8,0
353,212.6,6,6.5,0
386,194.6,5.5,6.5,0
377,159.6,6.5,8,-0.175
367,147.6,5,5.5,0
360,126.6,5,5.5,0
382,130.6,7,7.5,0
393,180.6,6,6.5,0
376,172.6,4.5,5,0
372,66.6,6,7,0
366,72.6,6,7,0
413,100.6,5.5,6,0
399,90.6,4,4.5,0
438,116.6,4.5,5,0
405,156.6,7.5,8,-0.175
407,188.6,7.5,8,-0.349
414,177.6,3.5,4,-0.349
421,177.6,4.5,5,-0.349
432,177.6,5,5,-0.524
450,179.6,4.5,4.5,0
462,183.6,5,5.5,0
439,169.6,5,5,0
430,163.6,4.5,4.5,0
422,150.6,4.5,4.5,0
403,226.6,5.5,5,0
395,217.6,5,6,0
398,138.6,7,7.5,0
401,120.6,6,6.5,0
458,156.6,5,5.5,0
470,169.6,5,5.5,0
430,130.6,6,7,0
455,135.6,4,4.5,0
444,137.6,3,3.5,0
449,136.6,3.5,4,0
430,143.6,5,5.5,0
411,143.6,3,3.5,0
420,144.6,4.5,4.5,0
341,140.6,4.5,4.5,0
392,206.6,3,3,0
421,208.6,5,5,0
416,196.6,4,4,0
314,215.6,4,4,0
320,229.6,6,6,0
312,227.6,3.5,3.5,0
299,237.6,4.5,4.5,0
372,234.6,4.5,4.5,0
346,245.6,4.5,4.5,0
336,243.6,6,6,0
385,230.6,5.5,5.5,0
364,208.6,4,4,0
430,223.6,7,7.5,0
440,203.6,7.5,8,0
385,222.6,3.5,3.5,0
393,231.6,4.5,4.5,0
399,238.6,5,4,0.175
388,153.6,4,4,0
376,201.8,5.5,5.5,0
429,188.8,7,7,0
413,214.8,4.5,4.5,0
407,237.8,4.5,4.5,0
362,239.8,3,3,0
290,222.8,5,5,0
288,239.8,3.5,3.5,0
304,216.8,6,6,0
304,256.8,7,10,-0.175
357,273.8,8.5,10,-0.175
267,274.8,8,11.5,0
249,279.8,8,11.5,0
282,261.8,5,5.5,0
322,267.8,5.5,6,0
390,121.4,6.5,7,0
369,124.4,6.5,7,0
392,416.2,8,8.5,0
445,454.2,7,7.5,0
462,461.2,6,6.5,0
481,461.2,6,6.5,0
503,464.2,5,5.5,0
443,471.2,4,4.5,0
448,525.8,7,7.5,0
428,533.8,5.5,6,0
468,536.8,3.5,4,0
464,524.8,3.5,4,0
413,533.8,3.5,4,0
453,544.8,8.5,9,0
351,470.8,3.5,4,0
475,494.8,12.5,13,0
500,523.8,11.5,13,-0.175
508,500.8,10,10.5,0
485,512.8,5,5.5,0
445,554.8,15,15.5,0
476,475.8,5,5.5,0
483,469.8,4,4.5,0
504,478.8,5.5,6,0
516,487.8,5,6,-0.175
497,433.8,6.5,7,0
486,436.8,5.5,6,0
492,447.8,4,4.5,0
507,414,6.5,7,0
480,424,7,8.5,-0.873
453,377,10.5,12,0.087
415,367,10,10.5,0.087
493,370,11,10,-0.785
254,399,7,7.5,0
259,464.8,5,5.5,0
322,389,10,12.5,0
330,361,8,10.5,0
388,352,10.5,13,0
402,322,9.5,11,0
370,322,9,10,0
348,356,9.5,10.5,0
307,358,7.5,8.5,0
258,328,6.5,7,0
247,340,6,6.5,0
238,345,5,5.5,0
231,351,4,4.5,0
276,339,6.5,7,0
263,348,6.5,7,0
296,338,7.5,6.5,-1.047
323,321,6.5,6.5,0
316,334,6,6,0
345,333,6.5,6.5,0
347,317,6.5,6.5,0
387,308,7.5,7.5,0
282,374,6.5,6.5,0
433,282,9,9,0
298,273.6,7,9,-0.436
299,320.6,6.5,9,0.087
292,314.6,5.5,6,0.087
295,352.2,4.5,5,0.087
266,370.2,4.5,5,0.087
248,387.2,4,4.5,0.087
241,390.2,3.5,3.5,0.087
253,366.2,4.5,4.5,0.087
263,381.2,3.5,3.5,0.087
361,343.2,5,5,0.087
424,403.2,4.5,4.5,0.087
488,410.2,5.5,5.5,0.087
507,398.2,5.5,5.5,0.087
502,454.2,4.5,4.5,0.087
388,400.2,5.5,3.5,-0.175
330,297.2,4,4,0
235,370.2,4,4,0
373,295.2,4.5,4.5,0
351,287.2,5.5,5.5,0
392,294.2,5.5,5.5,0
416,312.2,4.5,4.5,0
440,311.2,5,5.5,-0.087
444,295.2,6,6.5,0
468,335.2,6,6.5,0
516,320.2,8.5,9,0
494,306.2,7,7.5,0
467,277.2,7,7.5,0
405,271.2,7,7.5,0
395,270.2,5.5,6,0
423,307.2,7.5,8,0
363,393.2,12,14,-0.436
370,412.2,3.5,4,0
363,412.2,3.5,4,0
515,404.2,5.5,6,0
497,341.2,5,5.5,0
456,291.2,4,4.5,0
464,212,9.5,10,-0.175
452,208,4,4.5,-0.175
448,218,4.5,5,-0.175
479,232,7,7.5,-0.175
455,193,4,4.5,-0.175
457,197,6,8,-0.087
466,194,4,4,-0.087
450,245,4,4,-0.087
469,248,4.5,4.5,-0.087
486,244,5.5,5.5,-0.087
477,246,5,5,-0.087
461,251,3,3.5,-0.087
377,257,5,5.5,-0.087
444,158,5.5,6.5,-0.087
449,165,5,5,-0.087
467,109.6,7,8,-0.087
205,537.4,7,7.5,-0.087
219,550.4,8,8.5,-0.087
270,444.4,3,3.5,-0.087
296,495.4,3,3.5,-0.087
524.4,462.4,4.5,5,-0.087
539.4,455.4,4.5,5,-0.087
533.4,460.4,4,4.5,-0.087
534.4,498.4,7.5,8,-0.087
522.4,515.4,6,6.5,-0.087
461.4,484.4,2.5,3,-0.087
559.4,454.4,3.5,4,-0.087
576.4,451.4,4,4,-0.087
564.4,488.4,12.5,12.5,-0.087
559.4,517.4,12.5,15,-0.087
545.4,524.4,7,7.5,-0.087
578.4,501.4,7,8.5,-0.087
582.4,522.4,6,6.5,-0.087
595.4,482.4,5.5,7,-0.087
596.4,449.4,5,5.5,-0.087
619.4,448.4,5,5.5,-0.087
629.4,478.4,4.5,5,-0.087
613.4,475.4,4.5,5,-0.087
604.4,479.4,4.5,5,-0.087
564.4,440.4,7,7.5,-0.087
585.4,441.4,5.5,6,-0.087
619.4,431.4,5.5,6,-0.087
605.4,433.4,5,5.5,-0.087
606.4,412.4,5.5,5.5,-0.087
591.4,419.4,4.5,4.5,-0.087
615.4,421.4,4.5,4.5,-0.087
646.4,467.4,6.5,6.5,-0.087
658.4,461.4,6,6.5,-0.087
667.4,472.4,9,9.5,-0.087
646.4,508.4,15.5,17,-0.698
615.4,531.4,10,12.5,0
589.4,488.4,2.5,3,0
612.4,489.4,3.5,4,0
618.4,489.4,3.5,4,0
622.4,500.4,3,3.5,0
617.4,501.4,3,3.5,0
606.4,492.4,3,3.5,0
605.4,487.4,3,3.5,0
642.4,483.4,2.5,3,0
651.4,533.4,6,6.5,0
636.4,531.4,6,6.5,0
512.4,544.4,11.5,12,0
541.4,545.4,7,7.5,0
518.4,466.4,3,3.5,0
467.4,353.4,6,4.5,-0.087
526.4,300.4,5.5,5.5,-0.087
539.4,278.4,10.5,11,-0.087
546.4,333.4,10.5,12.5,-0.087
539.4,380.4,6.5,7,-0.087
582.4,383.4,8.5,10,-0.087
592.4,392.4,4.5,5,-0.087
595.4,407.4,5,5.5,-0.087
563.4,394.4,4,4.5,-0.087
526.4,390.4,4,4.5,-0.087
457.4,360.4,4.5,5,-0.087
582.4,424,9.5,11,-0.262
650.4,415,7.5,8,-0.262
680.4,410,4.5,5,-0.262
621.4,416,5,5.5,-0.262
636.4,400,4.5,5,-0.262
663.4,401,4.5,5,-0.262
671.4,392,4.5,5,-0.262
678.4,382,4.5,4.5,-0.262
613.4,398,4.5,4.5,-0.262
590.4,454,3,3,-0.262
422.4,131.2,6,6,-0.262
440.4,133.2,5.5,5.5,-0.262
414.4,136.2,3.5,3.5,-0.262
419.4,157.2,2.5,2.5,-0.262
432.4,158.2,3.5,3.5,-0.262
482.4,186.2,2.5,4,0
498.4,185.2,4.5,4.5,0
504.4,192.2,4,4,0
497.4,213.2,5.5,5.5,0
492.4,226.2,7,7,0
516.4,221.2,7.5,6,0.087
533.4,230.2,6,6,0.087
523.4,233.2,4.5,4.5,0.087
535.4,255.2,4.5,4.5,0.087
516.4,236.2,4,4,0.087
505.4,224.2,4,4,0.087
508.4,218.2,4,4,0.087
520.4,205.2,6.5,6.5,0.087
548.4,206.2,6.5,6.5,0.087
529.4,184.2,6,6,0.087
548.4,181.2,6,6.5,0.087
542.4,174.2,4,4.5,0.087
534.4,204.2,5.5,6,0.087
536.4,194.2,5,5.5,0.087
526.4,199.2,7,7,0.087
486.4,176.2,6.5,6.5,0.087
499.4,175.2,6,6,0.087
500.4,149.2,6.5,6.5,0.087
483.4,150.2,6,6.5,0.087
473.4,157.2,6.5,7,0.087
472.4,143.2,4.5,5,0.087
473.4,133.2,4,4.5,0.087
490.4,138.2,5.5,6,0.087
483.4,135.2,5,5.5,0.087
484.4,127.2,5,5.5,0.087
482.4,115.2,5.5,6,0.087
488.4,101.2,6.5,8,0.087
372.8,109.2,6,6.5,0.087
410.8,109.2,9,9.5,0.087
435.8,92.2,5.5,6,0.087
428.8,117.2,5.5,6,0.087
456.8,111.2,6.5,7,0.087
458.8,98.2,5,5.5,0.087
463.8,79.2,5,5.5,0.087
478.8,87.2,5,5.5,0.087
478.8,101.2,5,5.5,0.087
436.8,76.2,5,5.5,0.087
429.8,67,5,5.5,0.087
397.8,63,4.5,5,0.087
369.8,91,3.5,4,0.087
439.8,62,5.5,6,0.087
468.8,71,7,8.5,0.087
510.8,111,5.5,5.5,0.087
523.8,95,5.5,6,0.087
514.8,77,6.5,7,0.087
499.8,66,6,6.5,0.087
491.8,84,4,4.5,0.087
482.8,75,5,5.5,0.087
488.8,79,4,4.5,0.087
511.8,66,5,6,0.087
528.8,74,3.5,4,0.087
506.8,101,5,5.5,0.087
521.8,127,4.5,5,0.087
531.8,126,5,5.5,0.087
541.8,121,4.5,5,0.087
544.8,105,6,7.5,0.087
541.8,94,7,8.5,0.087
546.8,83,5,5.5,0.087
488.8,161,5.5,6,0.087
479.8,163,5,5.5,0.087
522.8,165,6.5,7,0.087
510.8,133,6,6.5,0.087
499.8,117,6,6.5,0.087
506.8,121,6,6.5,0.087
428.8,215,4,4,0.087
522.8,142,3.5,3.5,0.087
534.8,154,6,7,0.087
516.8,149,4.5,4.5,0.087
547.8,135,6,6,0.087
551.8,126,5,5.5,0.087
452.8,231,14.5,10.5,0.611
517.8,255,10.5,12,0.873
486.8,197,9,10,0.873
565,120.2,6,6.5,0.873
575,115.2,4.5,5,0.873
559,109.2,6,6.5,0
559,99.2,4,4.5,0
557,90.2,5,5.5,0
597,81.2,5,5.5,0
586,87.2,5.5,6.5,0
599,100.2,4.5,4.5,0
595,106.2,3.5,3.5,0
609,105.2,5,6,0
604,116.2,6.5,7.5,0
603,133.2,4,4.5,0
592,123.2,5.5,6,0
625,117.2,6,6.5,0
627,122.2,3.5,3,0
637,115.2,6.5,6.5,0
626,136.2,6.5,6.5,0
620,146.2,4.5,4.5,0
611,153.2,4,4,0
595,146.2,5.5,6,0
596,157.2,4,4.5,0
600,169.2,5.5,6,0
580,169.2,5,5.5,0
589,175.2,4.5,5,0
573,177.2,3.5,4,0
621,127.2,5,5.5,0
584,148.2,7,7.5,0
572,90.2,8,9.5,-0.087
573,94.2,3,3.5,-0.087
552,161.2,5.5,6,-0.087
561,178.2,7,7.5,-0.087
570,190.2,4.5,5.5,-0.087
577,189.2,4.5,5,-0.087
594,192.2,5.5,6,-0.087
564,151.2,5.5,6,-0.087
569,145.2,4,4.5,-0.087
573,137.2,4.5,5,-0.087
558,134.2,3.5,4,-0.087
545,157.2,3.5,4,-0.087
542,152.2,3.5,4,-0.087
549,149.2,3.5,4,-0.087
554,143.2,6,6.5,-0.087
557,169.2,5,5,-0.087
629,155.2,4.5,5.5,-0.087
638,155.2,5,5.5,-0.087
638,137.2,8,8.5,-0.087
570,129.2,4,4.5,-0.087
585,124.2,4,4.5,-0.087
581,75.2,5.5,7,-0.087
582,66.2,5.5,7,-0.087
593,67.2,4,5.5,-0.087
603,64.2,6.5,8,-0.087
555,67.2,4,4.5,-0.087
606,160.2,5.5,6,-0.087
609,162.2,3,3.5,-0.087
622,161.2,3,3.5,-0.087
627,167.2,4,4.5,-0.087
618,169.2,5.5,6,-0.087
623,181.2,4,4.5,-0.087
631,191.2,4.5,5,-0.087
615,186.2,3.5,4,-0.087
617,194.2,3.5,4,-0.087
602,197.2,3.5,4,-0.087
581,180.2,2.5,3,-0.087
582,138.2,4.5,5,-0.087
637,90.2,3.5,4,-0.087
514,165.4,4,4.5,-0.087
523,270.4,3,3.5,-0.087
624.2,382.2,4.5,5,-0.087
643.2,378.2,4.5,5,-0.087
690.2,446.2,3,3.5,-0.087
693.2,441.2,3,3.5,-0.087
716.2,464.2,5,5.5,-0.087
729.2,441.2,6,6.5,-0.087
718.2,523.2,6.5,7.5,-0.087
697.2,525.2,6.5,7.5,-0.087
709.2,529.2,5,5,-0.087
704.2,483.2,7.5,8.5,-0.087
707.2,471.2,5,5,-0.087
760.2,490.2,16.5,16.5,-0.087
830.2,479.2,11,11.5,-0.087
848.2,523.2,8,11,-0.087
861.2,526.2,6.5,7.5,-0.087
830.2,526.2,3.5,4,-0.087
814.2,520.2,3.5,4,-0.087
754.2,536.2,5,5.5,-0.087
819.2,548.2,13.5,14,-0.087
792.2,535.2,8.5,9.5,-0.087
713.2,549.2,9,10,-0.087
724.2,497.2,3,3.5,-0.087
729.2,490.2,3,3.5,-0.087
706.2,458.2,4,4.5,-0.087
698.2,460.2,3,3.5,-0.087
695.2,477.2,2.5,3,-0.087
777.2,473.2,5,5.5,-0.087
784.2,473.2,2.5,3,-0.087
797.2,475.2,5.5,7,-0.087
804.2,469.2,4,4.5,-0.087
813.2,462.2,4,4.5,-0.087
821.2,454.2,5.5,6,-0.087
801.2,458.2,4.5,5,-0.087
791.2,448.2,6.5,7,-0.087
805.2,447.2,6,6.5,-0.087
810.2,456.2,4,4.5,-0.087
766.2,467.2,6,7,-0.262
749.2,455.2,10.5,11.5,-0.262
758.2,437.2,5.5,5.5,0
762.2,423.6,5.5,5.5,0
733.2,409.6,7,7,0
740.2,438.6,5,5,0
750.2,419.6,4.5,4.5,0
770.2,396.6,6,6,0
799.2,398.6,5,5.5,0
833.2,381.6,6.5,7,0
804.2,414.6,3.5,4,0
860.2,418.6,4.5,5,0
867.2,409.6,4.5,5,0
841.2,432.6,7,8,0
829.2,431.6,7,8,0
856.2,449.6,3,3,0
753.2,403.6,4,4,0
739.2,422.6,4.5,4.5,0
667.2,421.6,3,3,0
700.2,410.6,13,14,0
749.2,365.6,13,14,0
860.2,492.6,18.5,18,0
691.2,337.8,12.5,14,0
782.2,344.8,10,11.5,0
794.2,316.8,8.5,10,0
805.2,329.8,7.5,8,0
765.2,317.8,10.5,11,0
788.2,296.8,9.5,11,0
847.2,342.8,14,15.5,0
847.2,312.8,7.5,8.5,0
829.2,310.8,6.5,7,0
820.2,294.8,9.5,10,0
859.2,298.8,8.5,9,0
878.2,330.8,5.5,6,0
864.2,323.8,5,5.5,0
743.2,285.6,10.5,11,0
709.2,300.6,8,8.5,0
658.2,284.6,9,9.5,0
702.2,298.6,10,11,0
624.2,305.6,7.5,8.5,0
579.2,291.6,9.5,10.5,0
559.2,290.6,6.5,7.5,0
558.2,235.6,10.5,11,0
615.2,225.6,6,6.5,0
663.2,217.6,4,4.5,0
662.2,239.6,3.5,4,0
695.2,235.6,3,3.5,0
634.2,236.6,4,4.5,0
600.2,231.6,4.5,5,0
589.2,217.6,5,5.5,0
592.2,207.6,3,3.5,0
649.2,212.6,4.5,5,0
637.2,214.6,4,4.5,0
686.2,223.6,6,6.5,0
682.2,204.6,8.5,9,0
582.2,234.6,9.5,10,0
567.2,247.6,4,4.5,0
561.2,252.6,3,3.5,0
581.2,257.6,4.5,5,0
576.2,245.6,4,4.5,0
585.2,247.6,3.5,4,0
593.2,241.6,4.5,5,0
584.2,210.8,5.5,6,0
585.2,204.8,5.5,6,0
582.2,198.8,5.5,6.5,0
568.2,205.8,5.5,6,0
559.2,210.8,4,4,0
558.2,200.8,4,4,0
563.2,200.8,6,6,0
564.2,191.8,3.5,3.5,0
667.2,206.8,4.5,4.5,0
608.2,210.8,4.5,4.5,0
608.2,204.8,7,7,0
604.2,217.8,7,7,0
594.2,226.8,5.5,5.5,0
531.2,142.8,3.5,3.5,0
591.2,260.8,5.5,5.5,0
583.2,270.8,4,4,0
562.2,276.8,4,4,0
598.2,272.8,6,6,0
607.2,261.8,4.5,4.5,0
624.2,272.8,4.5,4.5,0
615.2,276.8,4,4,0
605.2,283.8,5,5,0
595.2,293.8,5,5,0
635.2,262.8,5,5,0
620.2,261.8,4,4,0
655.2,260.8,6,6,0
625.2,245.8,6.5,6.5,0
573.2,266.8,3.5,3.5,0
673.2,224.8,7,7,0
652.2,235.8,7,7,0
637.2,248.8,8,9.5,0
707.2,248.8,8.5,9,0
697.2,205.8,4.5,5,0
636.2,178.8,9.5,10,0
651.2,199.8,3,3.5,0
637.2,192.8,3,3.5,0
632.2,224.8,3,3.5,0
661.2,153.8,10,10.5,0
671.2,185.8,3,3.5,0
664.2,176.8,4,4.5,0
658.2,175.8,3,3.5,0
653.2,176.8,3,3.5,0
647.2,178.8,3,3.5,0
652.2,188.8,12,8,-0.175
636.2,163.8,3.5,4,0
650.2,160.8,3,3.5,0
646.2,146.8,3.5,4,0
648.2,139.8,4,4.5,0
668.2,136.8,4,4.5,0
678.2,175.8,6,6.5,0
677.2,173.8,3.5,4,0
687.2,182.8,8.5,9,0
710.2,188.8,6,7,0.175
717.2,194.8,5.5,5.5,0
731.2,193.8,5.5,5.5,0
737.2,187.8,5.5,5.5,0
730.2,177.8,5,5.5,0
701.2,164.8,4,4.5,0
693.2,162.8,3,3.5,0
723.2,142.8,5.5,6,0
734.2,140.8,4.5,5,0
687.2,142.8,6.5,7.5,0
705.2,147.8,6,7.5,0.698
697.2,144.8,7,7.5,0
685.2,157.8,11,8,-1.134
670.2,161.8,5,5.5,0
672.2,154.8,3,3.5,0
696.2,249.8,9,9.5,0
736.2,234.8,7,7.5,0
715.2,219.8,5,5.5,0
601.2,353.6,8.5,9,0
604.2,377.6,5.5,6,0
638.2,362.6,5.5,6,0
636.2,349.6,6,7.5,0
619.2,389.6,3.5,3.5,0
567.2,350.6,7,7,0
588.2,344.6,6,6,0
598.2,311.6,5.5,5.5,0
642.2,279.6,5.5,5.5,0
686.2,289.6,5,5,0
669.2,281.6,5,5,0
673.2,304.6,5,5,0
643.2,307.6,5,5,0
642.2,332.6,5,5,0
700.2,372.6,6,6.5,0
572.2,360.6,4,4,0
579.2,313.6,5,5,0
619.2,285.6,4,4,0
612.2,298.6,4.5,5,0
589.2,309.6,4,4.5,0
567.2,328.6,4,4.5,0
560.2,336.6,5,5.5,0
616.2,329.6,4.5,5,0
728.2,262.6,5.5,6,0
740.2,266.6,6.5,7,0
732.2,249.6,4.5,5,0
723.2,243.6,2.5,3,0
717.2,254.6,5,5.5,0
763.2,242.6,4.5,5,0
772.2,282.6,6,7,0
763.2,257.6,3.5,3.5,0
772.2,264.6,7,7,0
772.2,231.6,6,6,0
748.2,228.6,8.5,10.5,-0.175
750.2,279.6,9,9,0
718.2,287.6,5,5,0
734.2,333.6,5.5,5.5,0
743.2,308.6,5.5,5.5,0
730.2,218.8,5,5,0
727.2,213.8,5,5,0
733.2,202.8,3.5,3.5,0
741.2,206.8,5.5,5.5,0
750.2,205.8,8.5,8.5,0
770.2,209.8,3.5,3.5,0
719.2,227.8,3.5,3.5,0
748.2,172.8,3.5,3.5,0
755.2,172.8,6,7,0
765.2,163.8,5,5,0
739.2,162.8,8.5,10,0
727.2,158.8,5.5,5.5,0
713.2,168.8,9,11,0
729.2,274.8,3.5,3.5,0
509.6,295.8,5,5,0
559.6,404.6,3,3,0
540.6,365.6,4.5,4.5,0
625.6,367.6,4,4,0
605.6,394.6,3,3,0
617.6,80.4,5,6,0
625.6,90.4,3,3,0
635.6,102.4,4,4,0
639.6,98.4,4.5,4.5,0
652.6,108.4,3.5,3.5,0
634.6,75.4,4.5,5,0
652.6,75.4,4,4.5,0
627.6,99.4,8,9.5,-0.436
620.6,63.4,4.5,5,-0.087
625.6,74.4,7.5,8,-0.087
624.6,85.4,3,3.5,-0.087
657.6,67.4,5.5,6,-0.087
639.6,79.4,4.5,5,-0.087
647.6,127.4,7,7.5,-0.087
655.6,117.4,5.5,6,-0.087
662.6,119.4,4,4.5,-0.087
662.6,137.4,3.5,4,-0.087
669.6,81.4,8.5,12,-0.087
689.6,86.4,5,6,-0.087
695.6,91.4,3.5,4.5,-0.087
665.6,107.4,8.5,9.5,-0.087
673.6,119.4,9.5,11,-0.087
672.6,121.4,4,4,-0.087
690.6,109.4,4.5,4.5,-0.087
686.6,105.4,8,10.5,-0.087
689.6,71.4,5.5,7,-0.087
702.6,69.4,9.5,12.5,-0.087
720.6,80.4,8.5,10,-0.087
717.6,106.4,13,14.5,-0.087
722.6,120.4,7,7.5,-0.087
724.6,110.4,4,4.5,-0.087
737.6,109.4,4,4.5,-0.087
741.6,103.4,4.5,5,-0.087
732.6,107.4,4,4.5,-0.087
698.6,126.4,10,11,-0.262
703.6,112.4,4,3.5,-0.262
744.2,149.4,2.5,3,0
750.2,139.4,3.5,4,0
745.2,137.4,2.5,3,0
748.2,124.4,4,4.5,0
760.2,145.4,5,5.5,0
750.2,105.4,3.5,4,0
737.2,86.4,9,11.5,0
753.2,90.4,7,9.5,0
756.2,76.4,7,9.5,0
732.2,65.4,7.5,10,0
752.2,66.4,8.5,11,0
780.2,66.4,7.5,10,0
775.2,62.4,7.5,10,0
767.2,81.4,4.5,5.5,0
773.2,93.4,3.5,4.5,0
762.2,95.4,3,3.5,0
766.2,106.4,3.5,4,0
777.2,116.4,7,7.5,0
766.2,124.4,7,7.5,0
761.2,132.4,6.5,7,0
779.2,131.4,3.5,4,0
770.2,130.4,4,4.5,0
775.2,153.4,5,5,0
784.2,150.4,4.5,4.5,0
775.2,147.4,5,5,0
766.2,155.4,4,4,0
774.2,136.4,3,3,0
785.2,137.4,3,3,0
785.2,131.4,3.5,3.5,0
792.2,129.4,6,6,0
786.2,121.4,5,5,0
800.2,137.4,3,3,0
807.2,138.4,3,3,0
801.2,144.4,3,3,0
810.2,144.4,4,4,0
802.2,155.4,4,4,0
790.2,176.4,4,4,0
788.2,168.4,6,6,0
804.2,168.4,13,13,0
787.2,192.4,6,6,0
790.2,197.4,4.5,4.5,0
829.2,166.4,6,6,0
821.2,182.4,5,5,0
829.2,182.4,5.5,5.5,0
837.2,181.4,6,6,0
837.2,192.4,5.5,5.5,0
832.2,198.4,5,6,0
820.2,204.4,5.5,6,0
804.2,205.4,5,5.5,0
782.2,220.4,6.5,7,0
811.2,219.4,5,5.5,0
800.2,225.4,8,8,0
777.2,170.4,3.5,4,0
851.2,200.4,5.5,6,0
828.2,218.4,3.5,4,0
846.2,220.4,5.5,5.5,0
852.2,228.4,8.5,8.5,0
820.2,242.4,7.5,7.5,0
827.2,225.4,7,7,0
864.2,196.4,4,4.5,0
791.2,96.4,11.5,13,0
796.2,91.4,5,5.5,0
797.2,110.4,5.5,6.5,0
804.2,113.4,4.5,4.5,0
817.2,108.4,11.5,13.5,0
801.2,83.4,10.5,12.5,0
829.2,72.4,12.5,16,0
817.2,80.4,4.5,5,0
802.2,83.4,4.5,5,0
824.2,133.4,5,5.5,0
811.2,125.4,4,4.5,0
810.2,69.4,5.5,7,0
843.2,146.4,12,13.5,0
828.2,148.4,4,4.5,0
828.2,157.4,4,4.5,0
851.2,170.4,4,4,0
841.2,168.4,4,4,0
863.2,175.4,6,7,0
852.2,161.4,4,4,0
852.2,119.4,10,11.5,0
851.2,106.4,6,6,0
847.2,85.4,11.5,13,0
834.2,93.4,9,11,0
832.2,89.4,3.5,4,0
859.2,96.4,3,3.5,0
881.2,94.4,4,4.5,0
879.2,139.4,5.5,6,0
881.2,154.4,4,4.5,0
862.2,137.4,6.5,7.5,0
732.2,126.4,3.5,4,0
696.2,124.4,2.5,3,0
699.2,129.4,2.5,3,0
791.2,265,7.5,8,0
811.2,263,5.5,6,0
857.2,250,6.5,7,0
869.2,252,6.5,7.5,0
826.2,262,3.5,4,0
839.2,272,4,4.5,0
801.2,276.4,7.5,8,0
838.2,261.4,4,4.5,0
847.2,260.4,4,4.5,0
860.2,260.4,4,4.5,0
873.2,265.4,3.5,4,0
833.2,275.4,3.5,4,0
870.2,220.4,4,4,0
864.2,228.4,4,4,0
881.2,197.4,3.5,3.5,0
735.2,395.8,4.5,4.5,0
856.2,152.6,5,6,0
875.2,183.6,8.5,9.5,-0.873
881.2,179.6,3.5,3.5,-0.087
884.2,170.6,5.5,5.5,-0.087
890.4,179.6,7,7.5,-0.087
902.4,187.6,6.5,7,-0.087
887.4,204.6,5.5,6,-0.087
906.4,202.6,5,5.5,-0.087
898.4,207.6,5.5,5.5,-0.087
881.4,220.6,6,6,-0.087
868.4,203.6,3,3,-0.087
854.4,178.6,3.5,3.5,-0.087
895.4,145.6,11,12.5,0.087
900.4,167.6,6,7.5,0.087
915.4,154.6,5,5.5,0.087
905.4,128.6,5,6,0.087
887.4,120.6,15.5,18,0.087
903.4,94.6,16,18.5,-0.262
924.4,126.6,6.5,7,0
913.4,115.6,5.5,6,0
919.4,143.6,9,9.5,0
909.4,136.6,3.5,4,0
869.4,158.6,3,3.5,0
873.4,148.6,3,3.5,0
919.4,189.6,3,3.5,0
931.4,171.6,3,3.5,0
947.4,163.6,3.5,3.5,0
957.4,167.6,2.5,2.5,0
962.4,153.6,4,4,0
956.4,143.6,3,3,0
937.4,184.6,4,4,0
935.4,179.6,3,3,0
942.4,175.6,7,7,0
939.4,149.6,9,10,0
941.4,132.6,5,5.5,0
941.4,129.6,3,3.5,0
959.4,132.6,5,5.5,0
888.4,67.6,5,5.5,0
863.4,61.6,5.5,6,0
942.4,73.6,6.5,7.5,0
958.4,79.6,5.5,6.5,0
960.4,60.6,7,8,0
919.4,176.6,10.5,12,0
948.4,198.6,7,7,0
939.4,192.6,3.5,3.5,0
937.4,197.6,3.5,3.5,0
956.4,186.6,6,6,0
872.4,79.6,16,16,0
923.4,70,16.5,21.5,0
911.4,72,5.5,6,0
947.4,106,21,25,0
772.6,543.4,9.5,10.5,0
913.6,546.4,8.5,9.5,0
939.6,550.4,15,16,0
958.6,524.4,16.5,19.5,-0.436
891.6,490.4,13,13.5,0
956.6,484.4,13,13.5,0
924.6,503.4,4.5,5,0
908.6,514.4,4,4.5,0
901.6,447.4,9,9.5,0
927.6,450.4,11,11.5,0
887.6,433.4,10,10.5,0
882.6,414.4,7,7.5,0
897.6,422.4,5.5,6,0
901.6,398.4,5.5,6,0
910.6,405.4,5.5,6,0
920.6,414.4,4,4.5,0
926.6,410.4,4,4.5,0
938.6,405.4,4,4.5,0
943.6,396.4,4.5,5,0
934.6,390.4,6.5,7,0
916.6,366,9.5,11.5,0
954.6,345,8.5,13,0.175
959.6,445,2.5,2.5,0
967.6,366,7.5,7.5,0
952.6,381,4,4,0
972.6,345,4.5,4.5,0
972.6,354,6.5,6.5,0
980.6,332,9.5,9.5,0
943.6,283.4,15,14,-0.873
932.6,284.4,5.5,5.5,-1.571
917.6,262.4,4.5,4.5,-1.571
924.6,259.4,5,5,-1.571
904.6,259.4,8.5,8.5,-1.571
932.6,246.4,5,5,-1.571
939.6,241.4,6.5,6.5,-1.571
957.6,233.4,10.5,10,-1.571
972.6,260.4,6,5.5,-1.571
970.6,247.4,7.5,7,-1.571
963.6,269.4,5.5,5,-1.571
963.6,289.4,12.5,8,-0.873
984.6,282.4,5.5,5.5,0
900.6,240,5.5,5.5,0
893.6,219,7.5,7.5,0
897.6,232,8.5,8.5,0
849.6,268,5,5,0
926.6,216,12.5,12.5,0
942.6,232,5,5,0
953.6,210,4.5,5,0
970.6,199,6.5,7,0
978.6,206,5.5,6,0
974.6,222,10,10.5,0
969.6,212,4.5,5,0
984.6,212,6.5,7,0
976.6,190,6,6.5,0
984.6,189,5,5.5,0
964.6,177,9,9.5,0
954.6,272,4,4.5,0
929.6,231,4,4,0
920.6,231,7,7,0
913.6,226,4.5,4.5,0
968.6,144,5.5,6,0
974.6,151,3.5,4,0
981.6,163,4.5,5,0
968.6,166,6.5,7,0
972.6,160,3.5,3.5,0
981.6,155,3,3,0
981.6,110,6.5,7.5,0
978.6,101,4,4.5,0
980.6,136,3,3.5,0
991.6,181,3,3.5,0
990.6,191,3.5,4,0
992.8,135,11.5,14,0
998.8,171,7,7,0
1000.8,190,5.5,5.5,0
1005.8,196,5.5,5.5,0
1007.8,207,5.5,6,0
1021.8,204,4,4.5,0
1023.8,185,9.5,10,0
1045.8,187,11,11.5,0
1027.8,167,4.5,5,0
1036.8,167,4,4.5,0
1042.8,170,4.5,5,0
1025.8,162,6,6.5,0
1012.8,166,3,3.5,0
1040.8,148,6,6.5,0
1042.8,149,4,4.5,0
1048.8,143,4.5,5,0
1056.8,145,3.5,4,0
1015.8,138,6.5,7,0
1015.8,136,3.5,4,0
993.8,218,4,4.5,0
1024.8,293.6,7.5,8,0
1004.8,256.6,4.5,5,0
1009.8,243.6,3.5,4,0
1038.8,246.6,5.5,6,0
1070.8,244.6,5.5,5.5,0
1065.8,220.6,5,5,0
1066.8,208.6,5,5.5,0
1065.8,195.6,4,4.5,0
1074.8,191.6,4,4.5,0
1082.8,192.6,5,5.5,0
995.8,322.6,6,6.5,0
1029.8,319.6,6.5,7,0
1039.8,337.6,7,7.5,0
996.8,260.6,3,3.5,0
990.8,260.6,3,3.5,0
1014.8,275.6,5.5,6,0
1005.8,284.6,4.5,5,0
1018.8,256.6,3.5,3.5,0
1038.8,260.6,3.5,3.5,0
1050.8,253.6,8.5,8.5,0
1055.8,254.6,3.5,3.5,0
1059.8,274.6,3.5,3.5,0
1065.8,273.6,4,4,0
1071.8,294.6,5,5.5,0
1045.8,284.6,10.5,11,0
1088.8,284.6,4.5,5,0
1024.8,210.6,3,3.5,0
1087.8,220.6,13.5,14,0
1094.8,220.6,3,3.5,0
1029.8,354.6,4.5,5,0
1062.8,345.6,6,6.5,0
1091.8,321.6,7,7.5,0
1103.8,300.6,7.5,8,0
1102.8,279.6,6,6.5,0
1061.8,367.6,10,11.5,0
1083.8,368.6,7.5,9,0
1099.8,372.6,4,4,0
1127.8,358.6,7,7,0
1075.8,340.6,4.5,4.5,0
1106.8,256.6,18,14,0
1124.8,262.6,5,5,0
1109.8,312.6,5,5,0
1099.8,323.6,5.5,5.5,0
1097.8,335.6,5,5,0
1040.8,230.6,6.5,6.5,0
1054.8,228.6,6.5,6.5,0
1058.8,218.6,4.5,4.5,0
1090.8,189.6,5,5,0
1107.8,207.6,4.5,4.5,0
1103.8,217.6,8.5,8.5,0
1100.8,190.6,8.5,8.5,0
1119.8,202.6,7,7,0
1114.8,181.2,6,6,0
1090.8,176.2,5.5,7,0
1084.8,169.2,5,5.5,0
1075.8,150.2,7.5,8,0
1062.8,150.2,6.5,7,0
1067.8,138.2,4.5,5,0
1059.8,131.2,3,3.5,0
1074.8,130.2,5,5.5,0
1031.8,134.2,8,8.5,0
998.8,148.2,4,4.5,0
1013.8,151.2,2,2.5,0
1015.8,148.2,3,3.5,0
1057.8,178.2,4,4.5,0
1084.8,339.8,3.5,4,0
1119.8,344.8,5.5,6,0
1139.8,348.8,4,4.5,0
1063.8,295.8,3.5,4,0
1032.8,406.8,5,5.5,0
1017.8,415.8,5,5.5,-0.349
989.8,408.8,9,9.5,-0.175
1002.8,406.8,4,4.5,-0.175
1000.8,418.8,4,4.5,-0.175
1007.8,422.8,3,3.5,-0.175
1004.8,433.8,4,4.5,-0.175
998.8,438.8,3.5,4,-0.175
993.8,440.8,3,3.5,-0.175
1006.8,451.8,4.5,5,-0.175
984.8,449.8,9.5,11.5,0
992.8,458.8,3,3.5,0
1058.8,432.8,4.5,5,0
1048.8,439.8,4.5,5,0
1065.8,402.8,10,11,0
1090.8,419.8,5,5.5,0
1089.8,406.8,4.5,5,0
1110.8,424.8,9.5,10.5,0
1109.8,454.8,7,8,0
1042.8,470,11,12,0.262
1030.8,475,2.5,3,0
1012.8,486,4.5,5,0
1004.8,488,3.5,4,0
1019.8,502,7,8.5,0
1034.8,503,8,9.5,0
1117.8,484,5,5.5,0
1115.8,492,4.5,5,0
1100.8,498,3.5,4,0
1091.8,499,4,4.5,0
1085.8,499,3.5,4,0
1054.8,525,8,9.5,0
1088.8,519,9.5,10.5,0
1104.8,522,7.5,8.5,0
1073.8,534,12,12.5,0
1083.8,139.4,5.5,6,0
1092.8,146.4,4.5,5,0
1113.8,165.4,5.5,6,0
1102.8,152.4,3,3.5,0
1101.8,143.4,3,3.5,0
1087.8,130.4,3.5,4,0
1100.8,178.4,3,3.5,0
1105.8,165.4,2.5,3,0
1133.8,169.4,2.5,3,0
1024.8,100.4,3.5,4,0
1069.8,175.6,12,12.5,0
1061.8,161.6,9,7.5,1.047
987.8,529.6,6,6.5,0
1108.8,544.6,9,9,0
1122.8,539.6,7,8.5,0
385,533,6,6.5,0
375,537,4.5,5,0
401,540,6,6.5,0
478,543,5,5.5,0
486,536,4,4.5,0
559,374,11.5,12,0
487,347.333,4.5,5,0
478,352.333,4,4.5,0
436,318.333,4,4.5,0
431,322.333,3.5,3.5,0
295,287.333,5,5,0
289,288.333,3.5,3.5,0
288,323.333,5.5,5.5,0
280,329.333,5,5,0
345,294.333,4,4,0
383,297.333,3.5,3.5,0
347,254.333,4,4,0
805.667,530.667,6,6,0
841.667,538.667,5,5,0
857.667,536.667,4.5,4.5,0
679.667,530.667,3.5,3.5,0
688.667,538.667,6,6,0
693.667,425.667,4,4,0
667.667,313.333,3.5,3.5,0
664.667,315.333,3.5,3.5,0
629.667,316.333,4.5,4.5,0
637.667,326.333,4.5,4.5,0
603.667,306.333,5.5,5.5,0
591.667,318.333,4,4,0
567.667,318.333,4,4,0
942.333,311.333,5.5,5.5,0
1012.333,335.333,4,4,0
866.333,315.333,4,4,0
1146,195.333,6,6,0
1146,184.333,6,6,0
1126,182.333,5.5,5.5,0
1134,190.333,5,5.5,0
1126,195.333,3.5,4,0
1133,178.333,5.5,6,0
1158,288.333,6,6.5,0
1175,273.333,6,6.5,0
1156,237.333,6,6.5,0
1159,222.333,5,5.5,0
1157,195.333,6,6.5,0
1165,211.333,3.5,4,0
1165,202.333,4,4.5,0
1172,210.333,4.5,5,0
1176,219.333,3.5,4,0
1184,222.333,7,7.5,0
1196,217.333,4.5,5,0
1181,243.333,5,5.5,0
1169,258.333,3.5,4,0
1183,259.333,8.5,9,0
1195,265.333,6,6.5,0
1180,294.333,7.5,8,0
1172,305.333,5,5.5,0
1198,295.333,5.5,6,0
1194,306.333,6,6.5,0
1198,318.333,6.5,7,0
1180,330.333,7.5,8,0
1170,322.333,5,5.5,0
1184,317.333,4.5,5,0
1155,350.333,6,6.5,0
1163,346.333,5,5.5,0
1182,349.333,5,5.5,0
1176,355.333,3.5,4,0
1172,360.333,3,3.5,0
1155,376.333,7.5,8,0
1146,398.333,6.5,7,0
1170,391.333,5,5.5,0
1175,455.333,13,16.5,-0.349
1202,429.333,6,6,0
1153,442.333,3.5,3.5,0
1225,396.333,3.5,3.5,0
1201,359.333,4.5,4.5,0
1222,400.333,3,3,0
1197,364.333,3,3,0
1211,348.333,5.5,5.5,0
1250,428.333,13,14.5,0
1140,219.333,10,10,0
1173,186.333,15,13,0.873
1194,187.333,6.5,6.5,0
1203,185.333,4,4,0
1200,193.333,4.5,4.5,0
1180,165.333,7,7,0
1197,164.333,7,7,0
1160,161.333,4.5,4.5,0
1147,156.333,3,4,0
1133,149.667,9,10.5,0
1120,148.667,5.5,6,0
1124,139.667,5,5.5,0
1135,137.667,6,6.5,0
1143,139.667,5,5.5,0
1153,144.667,5.5,6,0
1160,150.667,5,6.5,0
1143,127.667,6.5,7,0
1121,123.667,11,12.5,0
1126,125.667,4,4.5,0
1118,120.667,6.5,4.5,-0.349
1097,122.667,3.5,3.5,0.087
998,91.667,12.5,16,0
985,74.667,15,19.5,0
993,92.667,4,4.5,0
1003,85.667,3.5,4,0
1042,75.667,4,4.5,0
1082,72.667,4,4.5,0
1093,87.667,5,5.5,0
1038,92.667,3.5,4,0
1002,111.667,5.5,6,0
974,123.667,5,5.5,0
834,120.667,9,5.5,-0.96
764,113.667,5.5,5.5,0
747,113.667,5.5,5.5,0
1139,111.667,4.5,4.5,0
1175,123.667,5.5,5.5,0
1167,120.667,4.5,4.5,0
1062,103.667,30.5,27,5.149
1020,119.667,16,16,6.283
999,202.667,3,3,6.283
1053,206.667,3,3,6.283
994,162.667,3,3,6.283
1024,64.667,6.5,9.5,6.283
1008,71.667,10,13,6.283
1039,76.667,10.5,13,6.283
1083,69.667,8.5,13.5,6.458
1105,62.667,5.5,6,6.283
1135,76.667,5,5.5,6.283
1137,63.667,5.5,6.5,6.283
1150,59.667,5.5,6.5,6.283
1094,114.667,12.5,14,6.283
1182,148.667,10.5,12,6.283
1215,166.667,10.5,11,6.283
1221,176.667,5,5.5,6.283
1211,185.667,4,4.5,6.283
1197,147.667,7,7.5,6.283
1199,144.667,4.5,5,6.283
1158,130.667,3,3.5,6.283
1236,184.667,5,5.5,6.283
1217,209.667,6.5,7,6.283
1208,220.667,7,7.5,6.283
1234,204.667,5,5.5,6.283
1251,199.667,5.5,6,6.283
1242,202.667,4.5,5,6.283
1227,213.667,6,6.5,6.283
1240,210.667,5,5.5,6.283
1236,165.667,5.5,6,6.283
1236,222.667,3.5,4,6.283
1251,215.667,3.5,4,6.283
1249,162.667,5.5,6,6.283
1225,138.667,4.5,6,6.283
1242,157.667,4.5,6,6.283
1091,165.667,6.5,8.5,6.894
1233,127.667,8.5,9,6.283
1259,136.667,7,7.5,6.283
1244,142.667,5.5,6,6.283
1208,149.667,4,4.5,6.283
1220,146.667,4,4.5,6.283
1229,144.667,4.5,5,6.283
1168,229.667,5,5,6.283
1111,136.667,3,3.5,6.283
1217,131.667,3.5,4,6.283
1247,118.667,5,5.5,6.283
1270,125.667,9,9.5,6.283
1266,123.667,6,4.5,5.847
1169,102.667,7.5,4.5,6.632
1048,67.667,11.5,14,6.283
1161,80.667,12.5,15.5,6.283
1189,77.667,12,15,6.283
1144,305.667,14,16.5,5.847
879,257.667,3.5,4,6.283
1115,99.667,21.5,25.5,6.283
1226,80.667,5.5,5.5,6.283
1238,74.667,5,5.5,6.283
1227,70.667,4.5,5,6.283
1232,65.667,5,5.5,6.283
1204,69.667,5,5.5,6.283
1223,58.667,5,5.5,6.283
1250,66.667,5.5,6,6.283
1187,109.667,34.5,30.5,6.283
1254,102.667,27,30.5,6.283
1270,213.667,14.5,16,6.283
1270,172.667,8,9,6.283
1262,164.667,6,6.5,6.283
1259,157.667,4,4.5,6.283
1270,147.667,6,7,6.283
1275,188.667,4.5,5,6.283
1270,190.667,3.5,4,6.283
1266,191.667,3,3.5,6.283
1269,65.667,4.5,5,6.283
1249,253.667,6,6.5,6.283
1260,276.667,6,6.5,6.283
1260,257.667,4.5,5,6.283
1238,267.667,4.5,5,6.283
1231,262.667,3.5,4,6.283
1225,240.667,4,4.5,6.283
1213,242.667,4.5,5,6.283
1217,250.667,8,8.5,6.283
1245,282.667,4.5,5,6.283
1235,279.667,4.5,5,6.283
1255,292.667,4.5,5,6.283
1265,291.667,4.5,5,6.283
1276,292.667,5.5,6,6.283
1258,311.667,7,7,6.283
1251,321.667,7,8,6.283
1242,326.667,5,5,6.283
1233,324.667,6.5,6.5,6.283
1228,317.667,5,5,6.283
1217,320.667,5,5,6.283
1222,338.667,8,11.5,5.934
1210,307.667,4,4.5,5.934
1250,373.667,9,9.5,5.934
1267,455.667,9,9.5,5.934
1229,378.667,3.5,4,5.934
1264,401.667,4,4.5,5.934
1279,380.667,4,4.5,5.934
1274,398.667,3.5,4,5.934
1270,404.667,2.5,3,5.934
1254,404.667,3.5,4,5.934
1222,221.667,3.5,4,5.934
1231,270.667,4,4.5,5.934
1255,303.667,3.5,4,5.934
1236,303.667,15,8,3.84
1155,520.667,15.5,15.5,6.283
1227,500.667,7,7,6.283
1259,512.667,9,9,6.283
1220,514.667,7,8,6.283
1218,526.667,5.5,6.5,6.283
1195,530.667,5,5.5,6.283
1264,534.667,12.5,14.5,6.283
1277,518.667,8,8,6.283
1205,543.667,8.5,8.5,6.283
1172,543.667,8.5,8.5,6.283
1003,533.667,6.5,7,6.283
1185,530.667,4.5,5,6.283
1027,538.667,5,6,6.283
692.333,434,3.5,3.5,6.283
299,392,3.5,3.5,6.283
291,403,3.5,3.5,6.283
346,380,3,3,6.283
377,365,3.5,3.5,6.283
341,224,3.5,3.5,6.283
310,271,6,6,6.283
311,236,5,5,6.283
249,222,4.5,4.5,6.283
285,196.667,4,4,6.283
437,214.667,3.5,3.5,6.283
146,267.667,3,3,6.283
399,341.667,5.5,6,6.283
521,495.667,3.5,4,6.283
1246,533.667,4,4.5,6.283
994,543.667,6.5,7,6.283
1260,409.333,3.5,4,6.283
1040,445.333,3,3.5,6.283
471,125.667,5,5.5,6.283
291,127.667,3.5,4,6.283
99,120.667,4.5,5,6.283
191,121.667,4.5,5,6.283
84,122.667,4,4.5,6.283
542,59.667,5,5.5,6.283
645,61.667,5,5.5,6.283
635,58.667,4.5,5,6.283
533,62.667,4,4.5,6.283
535,75.667,5,5.5,6.283
487,65.667,7.5,8,6.283
359,91.667,6.5,7,6.283
413,88.667,5.5,6,6.283
804.667,185.667,3.5,4,6.283
792.667,204.667,3.5,4,6.283
1093,239.667,4,4.5,6.283
1278,144.667,5,5.5,6.283
1046,537.333,4.5,5,6.283
1139,535.333,4.5,5,6.283
669,537.333,6.5,7,6.283
1074.333,349.667,3.5,3.5,6.283
1090.333,359.667,4.5,4.5,6.283
1171.333,157,5.5,6,6.283
894.333,58.667,6.5,7,6.283
1117.333,60.667,6,6.5,6.283
1179.333,59.667,5,5.5,6.283
1244.333,56.667,4.5,5,6.283
329,123.667,4.5,5,6.283
175,120.75,4,4.5,0
166,122.75,4,4.5,0
128,115.75,5,5.5,0
135,118.75,4,4.5,0
235,120.75,2.5,3,0
283,118.6,4,4.5,0
317,117.6,4.5,5,0
359,116.6,4,4.5,0
449,120.6,4,4.5,0
461,122.6,4,4.5,0
498.6,132.6,4.5,5,0
501.6,139.6,4,4.5,0
654.6,136.6,3,3.5,0
656.6,133.6,3,3.5,0
1012.2,538.6,4.5,5,0
974.2,545.6,8.5,9.5,0
742,536.6,3.5,3.5,0
636.8,540.6,4.5,4.5,0
597.8,532.6,4.5,4.5,0
553.8,535.6,4,4,0
546.8,534.6,4,4,0
528.8,539.6,3.5,3.5,0
482.8,528.6,3,3,0
739.8,127.4,4,4,0
417.6,224.4,3,3,0
504.4,166.4,3,3,0
788.4,142.4,2.5,3,0
1244.6,409,3.5,3.5,0
484.2,450,3,3,0
470.2,466,3.5,3.5,0
376.2,444,3,3,0
346.4,475,3.5,3.5,0
181.4,479,3.5,3.5,0
180.4,160.8,3.5,3.5,0
580.8,536.2,5.5,6,0
436.8,533.2,3.5,4,0
1215.6,535.2,3.5,4,0
1155.6,212.8,4,4,0
1154.6,253.8,6.5,7,0
1120.2,171.8,2.5,2.5,0
705.4,231.8,3.5,3.5,0
136,535.4,4.5,4.5,0
242,538,3.5,3.5,0
