25,168.1,10
33,173.1,3.5
5,167.1,6
17,149.1,6
32.5,210.2,8
7.5,223.2,4.5
11.5,231.2,4.5
8.5,237.7,5
17.5,263,4
6.5,264.5,4
43.5,271.5,6
71.5,351.5,9
115,425.6,9
102.5,404.6,7.5
218,534.5,10
57,155.2,5.5
45,153.7,5.5
55,133.7,6
40,135.7,6
43,120.2,7
59,122.7,5.5
88.5,119.7,6
78.5,144.7,6.5
83.5,154.7,6.5
65,172.2,6.5
75,179.7,7.5
86.5,189.2,4
53.5,229.7,4.5
69,228.2,4.5
102,221.7,3.5
86,221.7,2.5
73,222.2,2.5
57.5,220.7,2
48.5,220.2,2
55.5,237.7,5
196,269,7
218.5,293,8
203,287.5,8
197,302.5,7
111,466.2,3.5
259,630.8,6.5
281,632.8,7.5
138.5,186.7,7
150,182.7,6
133,170.2,7
123,191.7,7
107,188.7,7
117,177.2,5
123,154.2,4.5
120.5,167.7,4
117,215.7,7.5
183,219,7
195,221,6.5
207,192.5,8
226,167,9
241,229,6.5
239,580.8,7.5
338,330.5,8.5
313.5,268,8.5
263,187.4,8
329.5,181.7,7.5
363,210,6
366.5,258,7
334.5,267.5,6.5
380.5,284.8,9
389,211.2,7.5
337,209.7,6.5
349,176.2,7.5
327,197.7,5
322.5,194.2,5
361.5,192.7,5
343,198.2,5
312,203.2,4
274,204.2,4.5
261.5,219.7,3
195,235.7,3
214,239.7,4.5
232.5,250.2,5.5
285,259.2,5
464.5,161.1,14
417,164.6,9
411.5,148.1,8
517.5,284.3,8
554,305.3,8.5
511,432.3,9
450.5,449.3,9
401.5,459.8,9
366.5,457.3,9.5
596.4,173.6,10
549.4,175.6,8
565.9,180.1,7
573.4,180.6,7
557.4,202.6,6
601.9,230.9,8.5
611.9,302.7,9
641.9,287.2,9
643.4,243.7,6
656.4,247.2,6
704.4,287.2,7.5
732.4,276.2,8
707.4,260.2,7.5
701.9,268.2,5.5
725.9,240.7,9
708.4,239.7,4.5
728.9,257.2,5
633.9,222.7,5.5
657.9,221.7,3
544.9,236.7,3
564.4,233.2,2.5
490.4,236.7,2.5
702.4,584,9
902.9,271.7,7
933.9,277.7,6
943.9,220,6.5
1262.4,264.1,9.5
1047.4,276.1,6
1037.4,256.1,6.5
1089.4,241.6,6.5
1060.9,226.1,6.5
1022.4,214.1,6.5
983.4,206.6,6
981.9,220.1,5
1033.4,386.5,7.5
1024.9,427.5,9
1021.4,460.5,10.5
1044.4,444.5,8
1056.9,449.5,7
1211.4,384.8,8
1216.9,358.3,8
1248.9,373.3,8
1241.4,492.3,7.5
181,166.1,6.5,9.65,0
142.5,160.1,5.5,9.65,0
111.5,138.6,5.5,7.15,0
147.5,122.1,5.5,8.65,0
164,142.1,5.5,8.65,0
164.5,130.6,4,5.15,0
186,137.6,5,8.15,0
199,153.6,5,8.15,0
246.5,127.1,5,7.15,0
262.5,120.1,5.5,8.15,0
277,144.6,11.5,12.15,0
288,119.1,4.5,6.65,0
289.5,133.6,4.5,6.65,0
289.5,150.1,4,5.15,0
267,168.1,4,5.15,0
296,179.1,11.5,14.15,0
279.5,181.1,4.5,5.15,0
199,203.6,4.5,5.15,0
215,223.6,4,6.65,0
40.5,304.4,6.5,11.15,0
39,288.9,6.5,9.65,0
54.5,282.4,6.5,9.65,0
64.5,285.4,4,8.15,0
60.5,311.9,6,9.15,0
91,315.9,5,5.65,0
110,357.9,8.5,11.15,0
47,362.4,6,6.65,0
65,438.5,7.5,10.65,0
61,473.5,7,8.65,0
50,499,4.5,6.15,0
6,542.5,7.5,9.65,0
70.5,543,6.5,8.15,0
193.5,506,5.5,7.15,0
157,482,5,6.65,0
163,458,3.5,4.65,0
129,457.5,3.5,4.65,0
179,433,3,4.15,0
177.5,414.5,4,4.65,0
199,451,6,11.15,0
263,608.9,4.5,4.15,0
301.5,564.9,5.5,5.65,0
291,575.4,3.5,5.65,0
283.5,576.4,3,5.15,0
264.5,566.4,3,5.15,0
309.5,547.4,3,5.15,0
333,526.9,2.5,4.65,0
289,542.9,2.5,4.65,0
341.5,554.9,3.5,5.65,0
353.5,549.9,3.5,6.15,0
382.5,560.9,5,7.15,0
409.5,585.4,5,7.15,0
465.5,629.4,8,8.15,0
361,630.9,4,7.15,0
367.5,629.9,3.5,6.65,0
313,122.2,10,10.65,-0.087
316,149.7,10,10.65,-0.087
341,146.2,8,10.15,-0.087
325,166.7,8,10.15,-0.087
337.5,125.7,6,9.65,-0.087
407,118.2,5,8.65,-0.087
393,143.7,6.5,10.15,-0.087
377.5,143.7,6,9.65,-0.087
396,163.7,10.5,13.65,-0.087
395,182.2,5.5,6.65,-0.087
419,185.7,5.5,6.65,-0.087
401,199.7,3.5,4.15,-0.087
373.5,188.7,3.5,4.15,-0.087
407.5,214.2,3.5,4.15,-0.087
415.5,228.2,5,7.15,-0.087
420.5,239.7,4,5.65,-0.087
429,243.7,4,4.65,-0.087
290,466.9,11,14.15,-0.087
238,463.9,8.5,10.65,-0.087
88,574.5,5.5,6.15,-0.087
183.5,565.5,6.5,6.65,-0.087
167.5,557,2.5,4.65,-0.087
134,563.5,1.5,2.15,-0.087
119,565.5,1.5,2.15,-0.087
107.5,568.5,2,2.15,-0.087
99,570.5,2,2.15,-0.087
126.5,610,2,2.15,-0.087
112.5,613.5,2,2.15,-0.087
109,612.5,2,2.15,-0.087
105,603,2,2.15,-0.087
100,614,2,2.15,-0.087
89,609.5,4.5,5.15,-0.087
149,624.5,4.5,5.15,-0.087
42,613,4.5,4.15,-0.087
31.5,611,3,3.15,-0.087
187,588.5,6,7.65,-0.087
204.5,577,5,6.15,-0.087
197.5,562.5,3,4.15,-0.087
373.5,521.2,4.5,5.65,-0.087
379,514.2,3.5,4.65,-0.087
382.5,503.7,4,6.15,-0.087
389,501.7,5.5,7.65,-0.087
360,475.7,4,6.15,-0.087
333.5,464.7,4,6.15,-0.087
472,534.2,8.5,13.65,-0.087
559,496.2,9.5,14.65,-0.087
536,569.7,6.5,7.65,-0.087
637,573.2,4,4.65,-0.087
657,424.1,8.5,8.65,-0.087
564.5,396.6,6.5,7.15,-0.087
586,399.6,4,4.65,-0.087
511,405.1,2.5,3.15,-0.087
497,401.6,2.5,3.15,-0.087
483,404.1,2.5,3.15,-0.087
463,410.6,2.5,3.15,-0.087
474,423.1,2.5,3.15,-0.087
459,422.1,3,3.65,-0.087
449,424.1,3,3.65,-0.087
393,412.1,2.5,3.15,-0.087
359,428.1,2.5,3.15,-0.087
394,475.1,5.5,8.15,-0.087
341,417.1,6.5,7.15,-0.087
282.5,413.1,5.5,7.65,-0.262
216,134.5,4.5,4.65,0
193.5,187,4.5,4.65,0
152,214.5,6,6.15,0
157,224,4,5.65,0
149.5,224,4,5.65,0
157,260.5,5,8.65,0
187,270,6.5,9.65,0
137.5,275,3,7.65,0
99.5,269.5,3.5,8.15,0
94.5,260.5,3.5,8.15,0
84,264.5,3.5,8.15,0
59.5,261,3,7.65,0
36,263,3,7.65,0
9,305.5,3,5.65,0
1.5,299.5,3,5.65,0
149,295.1,4,2.65,0
202.5,360.4,4.5,3.65,0
195,365.4,4,3.15,0
180.5,369.9,3.5,3.15,0
171.5,377.4,3.5,3.15,0
161,388.4,3,2.65,0
153,392.9,3,2.65,0
148.5,444.4,3,2.65,0
76.5,502.8,4.5,4.15,0
183.5,621.3,5,4.65,0
231.5,622.3,4.5,4.15,0
239,599.8,3,2.65,0
230,600.3,3,2.65,0
261,600.3,2.5,3.15,0
283.5,595.8,3,4.15,0
323.5,560.8,3,2.65,0
404.5,536.8,3,4.65,0
403,510.3,3.5,5.15,0
478,505.8,5,5.15,0
472.5,491.3,4,4.15,0
439,438.7,2.5,2.65,0
423.5,447.7,2.5,2.65,0
451,367.2,4.5,5.65,0
451.5,336.7,4.5,5.65,0
408,345.7,4,6.15,0
356.5,365.2,4.5,6.15,0
305,371.2,4.5,7.65,0
304,391.7,4,5.15,0
316,390.2,4,4.15,0
312,365.7,3.5,3.15,0
327,375.2,4,7.65,0
374,354.2,3.5,6.65,0
365,347.7,3,5.65,0
348,324.2,4,7.15,0
364,308.7,4.5,8.15,0
321.5,302.7,5,8.15,0
303.5,296.7,4.5,7.15,0
288.5,334.7,5.5,8.65,0
285,325.2,4,7.65,0
249.5,330.2,5,8.15,0
236.5,350.2,3.5,4.15,0
225,394.2,3.5,4.15,0
242,396.7,2,2.65,0
262,395.2,2,2.65,0
243.5,407.7,2,2.65,0
227,423.2,2,2.65,0
251.5,450.7,2,2.65,0
387,337.4,5,4.65,0
377,340.4,4,5.65,0
461,292.3,6,6.15,-0.087
487,279.7,5.5,6.15,-0.087
447,267.7,4,4.65,-0.087
445,283.7,4,4.65,-0.087
439,280.7,4,4.65,-0.087
437.5,292.2,4.5,6.65,-0.087
459.5,225.7,6,6.15,-0.087
492.5,166.7,12,17.15,-0.087
499.5,173.2,6.5,7.65,-0.087
513,169.7,4.5,5.15,-0.087
518.5,152.7,4,4.65,-0.087
517,141.7,6,7.15,-0.087
532.5,126.2,7,10.65,-0.087
532,135.7,3.5,4.15,-0.087
568.5,119.7,6,7.15,-0.524
502.5,122.1,4.5,6.65,-6.37
450.5,129.1,4.5,6.65,-6.37
421,135.6,3.5,5.65,-6.37
435,129.6,9.5,9.15,-6.37
458,179.2,7.5,7.15,-6.37
452.5,195.2,8.5,8.15,-6.37
511,303,5.5,5.15,-6.37
349,268.5,4,4.65,-6.37
265.5,241.5,4,4.15,-6.37
253,242.5,4,4.15,-6.37
243.5,247,4,4.65,-6.37
340,397.7,5,5.65,-6.458
317,631.3,5,5.65,-6.458
494.5,190.9,5.5,5.65,-6.458
507.5,219.9,6,6.15,-6.458
508.5,232.9,5.5,5.15,-6.458
502,239.4,3.5,5.15,-6.458
442,237.2,2,3.65,-6.458
427,235.7,2,1.65,-6.458
423.5,214.2,2,1.65,-6.458
435,209.2,2,1.65,-6.458
572,319.3,5,5.15,-6.458
572,285.8,6.5,9.65,-6.196
564.5,515.2,5,5.65,-6.37
577,507.7,3.5,4.65,-6.37
585,525.7,6.5,11.65,-6.37
627,386.1,5.5,10.15,-6.37
673.2,167.2,10,13.15,-6.37
606.2,141.6,9
600.2,131.1,7.5
637.2,124.1,10
665.2,142.1,9
677.7,146.6,8
696.7,155.1,6
714.2,164.1,7
691.7,176.6,6
644.7,183.1,9.5
637.7,164.1,5.5
663.2,177.1,6.5
661.7,194.1,5
676.2,199.1,8.5
689.7,204.1,4
736.7,216.1,7
789.7,233.1,9
773.7,208.1,7
821.7,257.6,8.5
864.2,215.7,7.5
875.7,207.2,5.5
859.2,203.7,5.5
899.7,221.7,4.5
927.2,220.2,4.5
951.2,205.7,5.5
745.7,173.7,22.5
897.2,145.2,8
857.7,145.2,7
861.2,357.8,6.5
815.2,340.3,8.5
773.7,334.3,4.5
822.2,317.3,5
847.7,293.8,4
879.7,297.8,4
786.2,579,7
828.7,631,6
729.2,629,5
687.7,606.5,4
867.7,601.3,5
847.2,613.8,4.5
901.7,545.8,4.5
1216.9,636.4,8.5
1050.4,598.9,6
974.9,588.9,4.5
1133.9,539.7,6.5
1149.9,495.7,5.5
1163.4,320.5,6.5
1105.4,323.5,8.5
1032.9,319.5,5.5
1087.4,179.7,7.5
1067.9,169.7,5.5
1077.4,136.2,4.5
1047.9,139.7,5
1041.9,149.2,6.5
925.9,140.7,5
939.9,178.7,5
973.9,182.2,5
975.9,169.7,4
931.4,201.7,5.5
917.4,201.7,6.5
936.4,430.9,3
951.9,415.4,2.5
972.9,420.9,3
921.4,437.9,2.5
1046.9,415.4,4.5
1058.9,411.4,4
998.4,522.5,6.5
862.9,483,7
835.4,399.1,5.5
740.9,396.1,8.5
719.9,376.1,7
664.4,346.1,7
654.9,328.1,6.5
753.4,330.3,4.5
762.4,296.3,3.5
757.9,289.8,3.5
740.4,291.3,4
723.4,297.8,2
847.9,248.7,4.5
854.4,247.2,4.5
863.4,243.7,5.5
830.9,223.2,3.5
806.4,216.2,3.5
786.4,215.7,3.5
816.4,205.2,4
1203.4,213.9,4
1254.9,212.9,4.5
1261.9,213.9,3.5
1259.4,187.4,7.5
1239.4,164.9,7
1242.9,190.9,5
1274.9,199.9,6
1184.9,174.9,3.5
1193.4,146.9,3.5
1145.4,147.4,3.5
1109.4,231.2,4.5
1063.4,251.7,4
1086.4,221.2,5.5
1084.9,207.7,7
1072.4,204.7,5.5
1062.4,189.7,5
1035.9,177.2,4
997.9,139.7,3.5
1061.4,277.2,4.5
1085.4,280.7,8
1098.9,273.7,5
1185.4,286.2,5
1011.9,347.3,3.5
993.9,359.8,3.5
1128.4,146.1,7
1261.4,147.6,7
531.1,625.1,3
537.6,625.6,4
547.6,624.6,3.5
554.1,623.1,4
571.1,620.6,4
581.1,620.6,4.5
605.6,621.1,4
747.6,622.4,4
775.6,616.4,4
785.1,622.9,4.5
864.1,626.9,4.5
871.6,619.9,2.5
890.6,617.4,2.5
907.1,607.9,3
924.1,596.9,4
923.6,576.9,5.5
933.6,557.9,5.5
877.1,570.9,6
781.1,443.2,3
609.6,538.3,3
625.6,535.3,3
719.2,126.7,7,9.3,-6.37
746.2,139.7,9.5,12.8,-6.458
743.7,120.7,6,7.8,-6.458
695.7,311.3,3.5,5.3,-6.283
680.2,318.3,5,6.8,-6.37
740.2,355.6,5,9.3,-6.283
731.7,376.9,3.5,7.3,-6.283
654.2,403.7,5.5,7.3,-6.196
614.7,510.8,4.5,6.8,-6.283
645.7,521.8,2.5,4.8,-6.283
660.2,513.8,3,4.8,-6.283
680.7,497.8,4,5.8,-6.283
699.7,483.3,4,5.8,-6.283
706.7,483.8,4,5.8,-6.283
725.7,479.8,4.5,6.3,-6.37
731.7,510.3,5.5,7.8,-6.109
735.7,528.3,4.5,6.8,-6.37
732.7,545.3,4.5,6.8,-6.37
685.7,540.3,4,6.3,-6.196
633.2,627.6,3,4.3,-6.196
650.2,624.6,7.5,7.3,-6.196
794.2,516,5.5,9.3,-6.283
834.2,509.5,6,10.3,-6.37
829.7,483.5,6,10.3,-6.283
818.2,456.5,4.5,8.8,-6.283
806.7,476.5,4.5,7.8,-6.283
709.7,328.1,3.5,6.8,-6.283
701.2,340.1,4,7.3,-6.283
785.7,400.9,4,7.8,-6.283
923.7,352.9,5.5,10.8,-6.283
968.2,351.4,5,10.3,-6.283
959.7,316.9,4.5,9.3,-6.283
956.7,529.3,5,9.3,-6.283
972.7,540.3,5,9.3,-6.283
1003.9,552.5,3,8.3,-6.283
1229.4,553.3,4,5.8,-6.283
1237.4,555.3,4,5.8,-6.283
1135.9,630.6,3,4.8,-6.283
986.9,333.1,4,7.3,-6.283
1014.9,326.1,4,7.8,-6.283
1030.4,335.6,4.5,8.3,-6.283
1067.4,328.1,4.5,8.3,-6.283
1057.4,308.6,5,6.3,-6.283
887.9,334.1,4,8.8,-6.283
861.4,341.1,4,7.3,-6.283
877.9,350.1,3.5,5.8,-6.283
986.4,165.1,11.5,12.8,-6.283
984.4,146.6,7,8.3,-6.283
963.4,126.1,10,11.3,-6.283
950.4,157.6,8.5,11.3,-6.283
947.4,162.1,8,9.3,-6.283
992.9,134.1,5,6.3,-6.283
1021.4,157.1,9,10.3,-6.283
1061.4,149.6,8.5,9.8,-6.283
1061.4,165.1,3.5,4.3,-6.283
1090.9,154.1,7,9.3,-6.283
1093.4,137.6,7,9.8,-6.283
1149.4,174.6,21.5,23.8,-6.283
1174.4,184.1,10,9.8,-6.283
1201.4,134.1,5.5,7.8,-6.283
1185.9,134.1,4,5.8,-6.283
1183.4,140.1,5,5.8,-6.283
1186.4,120.6,8,8.8,-6.283
1178.9,125.1,3,3.8,-6.283
1132.9,339.8,4,4.8,-6.283
1076.9,389.3,3,3.8,-6.283
1170.4,284.3,4.5,4.3,-6.283
1159.4,280.3,4.5,4.3,-6.283
1166.9,251.3,6,5.8,-6.283
1148.9,241.3,4,5.8,-6.283
1229.4,301.8,4,9.3,-6.283
1239.4,318.3,4,9.3,-6.283
1268.9,302.8,3.5,7.8,-6.283
1266.9,322.8,2.5,6.3,-6.283
1250.4,326.3,2.5,6.3,-6.283
1189.9,313.3,4,3.8,-6.283
1133.4,300.8,4,3.8,-6.283
1058.9,358.1,4,3.8,-6.283
1190.9,589.7,2.5,2.3,-6.283
856.4,406.5,2.5
831.9,424.5,3
814.9,424.5,3.5
806.9,398,2.5
759.9,438.5,4
733.9,422.5,5
694.9,448.5,4
698.9,557,5
798.9,571.5,3.5
803.9,570.5,3.5
834.4,566.5,3
671.4,575.3,2.5
657.4,581.3,3.5
636.9,564.8,2.5
585.4,587.3,3
765.7,320.1,3.5
768.2,275.1,3
717.7,219.1,2.5
705.2,206.1,2.5
501.7,286.6,4
529.2,299.6,4.5
600.7,330.6,3.5
613.2,332.1,3.5
627.2,323.1,3
619.2,324.1,3.5
612.7,317.6,3.5
756.2,378.6,3.5
726.7,355.1,3
718.7,354.1,4.5
613.2,410.7,4
621.2,493.7,4
598.7,489.7,4
571.7,478.2,5
517.7,626.6,4.5
1178.9,244.6,2.5
1155.4,222.1,4.5
1249.9,394.6,6.5
1116.9,214.3,3
1143.4,211.8,3
1152.9,212.3,3
1157.4,213.3,3
1163.4,214.8,3
1052.9,182.8,5
900.9,338.1,3.5
915.4,334.6,3.5
964.9,217.5,3.5
1029.9,205.5,2.5
1126.4,132.8,5
1095.9,119.8,4
1042.4,125.3,7
1033.9,138.3,4.5
1055.4,133.3,2.5
927.4,122.3,5.5
848.4,119.8,8
822.4,121.3,8
823.9,161.8,10.5
814.4,183.3,12.5
772.9,163.3,6
800.9,160.8,6
1075.9,191,4
1094.9,214.5,3.5
948.9,246.1,6
1276.3,600.3,7.5
75,305.3,4.5
121,264.8,3
907.4,181.6,21.5,24.85,-6.283
302,230,5,5.85,0
366,229,5,5.85,0
347,221,3.5,3.85,0
376,254,5,5.35,0
236,200,6.5,6.85,0
261,203,4.5,4.85,0
297,200,3.5,3.85,0
302,212,3.5,3.85,0
301,219,3,3.35,0
327,238,4,4.35,0
309,260,6,5.85,0
396,321,4,4.58,0
521,200,8,8.58,0
578,199,5,5.58,0
600,214,5.5,6.08,0
138,215,3.5,4.08,0
167,230,3.5,4.08,0
166,260,3,3.58,0
23,186,5.5,6.35,0
237,184,2.5,3.35,0
287,192,2.5,3.35,0
683.667,278,3,3.85,0
635.667,298,5,5.35,0
1219.667,142.667,5,5.35,0
1040.667,216.667,3,3.35,0
1050.667,217.667,3,3.35,0
1057.667,217.667,3.5,3.85,0
1027.667,229.667,3.5,3.85,0
1060.667,202.667,4,4.35,0
1115.667,223.667,3.5,3.85,0
1202.667,205.667,4.5,4.85,0
1154.667,205.667,4.5,4.85,0
1132.667,200.667,5,5.35,0
842.667,218.667,3,3.35,0
825.667,227.667,3.5,3.85,0
886.667,275.667,3.5,3.85,0
949.667,261.667,3.5,3.85,0
1165.667,274.667,4,4.35,0
273,269.667,4.5,4.85,0
457,236.667,3.5,3.85,0
610.667,223.667,4,4.35,0
616.667,196.667,5,5.35,0
704.667,219.667,2.5,2.85,0
401,356.333,4,4.35,0
520,386.333,4.5,4.85,0
526,385.333,4.5,4.85,0
223,372.333,4.5,4.85,0
74,382.667,5.5,5.85,0
57,366.667,5,5.35,0
228,370.667,5,5.35,0
346,209.667,6,6.35,0
376,200.667,6,6.35,0
320,208.667,3.5,3.85,0
673,361.667,3.5,3.85,0
622,467.667,4.5,4.85,0
905,450.667,3,3.35,0
569,334.667,3,3.35,0
554,363.667,3,3.81,0
343,383.667,3.5,4.31,0
325,359.667,4,4.81,0
286,427.667,4,4.81,0
177,361.667,3.5,4.31,0
92,375.667,4,4.81,0
57,300.667,4,4.81,0
43,628,9,9.31,0
188,635,6,6.31,0
157,632,6,6.31,0
173,629,6,6.31,0
55,607,3,3.31,0
216,330.333,3,3.31,0
441.333,509.333,4,4.31,0
374.667,377.333,4,4.31,0
1233.667,338.333,3.5,3.81,0
1190.667,323.333,3.5,3.81,0