26,205.8,2.5,3,0
23,205.8,2.5,3,0
6,204.8,2.5,3,0
13,246.8,3,3,0
24,256.8,2.5,2.5,0
27,256.8,3,3,0
46,258.8,3,3,0
49,261.8,3.5,3.5,0
44,282.8,3.5,3.5,0
80,238.8,3,3,0
81,227.8,3,3,0
97,210.8,2.5,2.5,0
100,210.8,2.5,2.5,0
104,210.8,3,3,0
94,191.8,3,3,0
69,193.8,3,3,0
55,193.8,2.5,2.5,0
53,196.8,3,3,0
61,218.8,2.5,2.5,0
66,241.8,2.5,2.5,0
106,240.8,3.5,3.5,0
108,194.8,3,3,0
108,189.8,3,3,0
104,185.8,3,3,0
101,185.8,3,3,0
118,188.8,3,3,0
112,185.8,3,3,0
139,179.8,3,3,0
153,201.8,2.5,2.5,0
155,201.8,2.5,2.5,0
158,199.8,2.5,2.5,0
162,201.8,2.5,2.5,0
169,216.8,2.5,2.5,0
165,232.8,2.5,2.5,0
210,212.8,2.5,2.5,0
213,220.8,2.5,2.5,0
219,220.8,2.5,2.5,0
223,220.8,2.5,2.5,0
229,214.8,2.5,2.5,0
233,214.8,2.5,2.5,0
239,213.8,2.5,2.5,0
244,199.8,2.5,2.5,0
249,199.8,2.5,2.5,0
252,184.8,3,3,0
262,243.8,2.5,3,0
217,246.8,3,3,0
184,240.8,3,3,0
180,241.8,3,3,0
177,241.8,3,3,0
173,242.8,2.5,3,0
168,243.8,3,3,0
191,239.8,3.5,3.5,0
233,253.8,3.5,3.5,0
261,261.8,2.5,2.5,0
272,263.8,3,3,0
290,260.8,3,3,0
296,253.8,3,3,0
276,220.8,3,3,0
296,188.8,3,3.5,0
302,187.8,3.5,4,0
240,179.8,3,3,0
225,180.8,3,3,0
235,178.8,4,4,0
201,206.8,3,4,0
197,233.8,4,4,0
183,277.8,3.5,3.5,0
152,279.8,4,4,0
146,281.8,3,3,0
197,251.8,3,3,0
193,265.8,3,3,0
131,236.8,3,3,0
131,231.8,3,3,0
128,266.8,3,3,0
9,241.8,3,3,0
3,241.8,3,3,0
59,270.8,3,3,0
69,270.8,3,3,0
62,269.8,3,3,0
81,244.8,3,3,0
67,228.8,2.5,2.5,0
371.2,228.8,3,3,0
377.2,223.8,2.5,2.5,0
361.2,235.8,3,3,0
355.2,235.8,2.5,2.5,0
352.2,234.8,2.5,2.5,0
349.2,235.8,2.5,2.5,0
346.2,236.8,2.5,2.5,0
374.2,242.8,2.5,2.5,0
371.2,217.8,2.5,2.5,0
400.2,214.8,2.5,2.5,0
414.2,213.8,2.5,2.5,0
399.2,187.8,3,3,0
388.2,185.8,3,3,0
404.2,186.8,3,3,0
389.2,220.8,3,3,0
361.2,207.8,3,3,0
344.2,207.8,2.5,2.5,0
397.2,255.8,2,2,0
400.2,255.8,2.5,2.5,0
403.2,254.8,2.5,2.5,0
406.2,254.8,2.5,2.5,0
410.2,254.8,2.5,2.5,0
414.2,254.8,3,3,0
418.2,254.8,3,3,0
423.2,254.8,3.5,3.5,0
430.2,255.8,4,4,0
429.2,266.8,2.5,2.5,0
439.2,265.8,3,3,0
442.2,269.8,3,3,0
449.2,268.8,3,3,0
447.2,255.8,3,3,0
442.2,255.8,4,4,0
434.2,243.8,2.5,2.5,0
438.2,241.8,2.5,2.5,0
443.2,240.8,2.5,2.5,0
448.2,238.8,2.5,2.5,0
461.2,227.8,2.5,2.5,0
468.2,221.8,3,3,0
459.2,241.8,2.5,2.5,0
473.2,214.8,2.5,2.5,0
477.2,214.8,3,3,0
481.2,213.8,3,3,0
485.2,213.8,3,3,0
506.2,215.8,3,3,0
513.2,214.8,3,3,0
516.2,218.8,2.5,2.5,0
519.2,221.8,3,3,0
493.2,248.8,2.5,2.5,0
477.2,255.8,3,3,0
480.2,248.8,3.5,3.5,0
470.2,259.8,4,4,0
463.2,258.8,4,4,0
486.2,262.8,4,4,0
485.2,270.8,3.5,3.5,0
469.2,268.8,3.5,3.5,0
435.2,231.8,2.5,3,0
439.2,230.8,2.5,3,0
443.2,230.8,3,3.5,0
448.2,229.8,3,3.5,0
472.2,247.8,2.5,3,0
467.2,247.8,2.5,3,0
413.2,240.8,3.5,3.5,0
410.2,224.8,3.5,3.5,0
400.2,226.8,3,3,0
399.2,243.8,3.5,3.5,0
326.2,222.8,3,3,0
331.2,216.8,3.5,4,0
428.2,188.8,3.5,4,0
426.2,182.8,3,3.5,0
431.2,180.8,3,3.5,0
454.2,186.8,3,3.5,0
459.2,180.8,2.5,3,0
496.2,186.8,3.5,4,0
513.2,188.8,3,3.5,0
493.2,214.8,2.5,3,0
498.2,214.8,2.5,3,0
523.2,199.8,2.5,3,0
518.2,187.8,2.5,3,0
451.2,221.8,2.5,3,0
436.2,225.8,3.5,3.5,0
522.2,267.8,3.5,3.5,0
528.2,274.8,3,3,0
534.2,275.8,3.5,3.5,0
522.2,279.8,4,4,0
371.2,286,4,4,0
362.2,286,3.5,3.5,0
357.2,286,3.5,3.5,0
353.2,287,3,3,0
348.2,287,3,3,0
440.2,301,3,3,0
454.2,311,3.5,3.5,0
466.2,313,4,4,0
269.2,289,3.5,3.5,0
209.2,296,4,4,0
203.2,296,3.5,3.5,0
197.2,296,3.5,3.5,0
190.2,296,3,3,0
64,281,3.5,3.5,0
15,228,3.5,3.5,0
90,217,3,3,0
91,226,3,3,0
292,201,3.5,3.5,0
264,298,3.5,3.5,0
154,193,3,3,0
272,242,3.5,3.5,0
337,240,3.5,3.5,0
312,177,3.5,3.5,0
535.2,251,2.5,3,0
540.2,251,2.5,3,0
554.2,272,3,3.5,0
544.2,258,3.5,3.5,0
567.2,248,3.5,3.5,0
544.2,242,3.5,4,0
570.2,278,3,3.5,0
508.2,262,3.5,4,0
578.2,234,3,3.5,0
574.2,234,3,3.5,0
569.2,235,3,3.5,0
582.2,216,3,3.5,0
635.2,234,3,3,0
639.2,263,3,3,0
630.2,234,3,3,0
632.2,222,3.5,3.5,0
641.2,223,3.5,3.5,0
649.2,238,3,3,0
656.2,236,3,3,0
614.2,206,3,3,0
611.2,206,2.5,2.5,0
619.2,220,2.5,2.5,0
628.2,283,3.5,3.5,0
633.2,283,3.5,3.5,0
645.2,280,3.5,3.5,0
650.2,283,3,3,0
544.2,290,3,3,0
658.2,216,2.5,2.5,0
661.2,216,3,3,0
661.2,210,3,3,0
657.2,210,3,3,0
671.2,217,3,3,0
675.2,216,3,3,0
681.2,220,2.5,2.5,0
683.2,234,3,3,0
674.2,241,3,3,0
687.2,229,3,3,0
692.2,225,4,4,0
683.2,263,3,3,0
692.2,201,3,3,0
675.2,193,3,3,0
685.2,189,3,3,0
684.2,193,3,3,0
679.2,187,4,4,0
666.2,189,3,3,0
666.2,194,3,3,0
672.2,200,2.5,2.5,0
675.2,200,2.5,2.5,0
605.2,316,3,3,0
599.2,316,3,3,0
595.2,317,3,3,0
609.2,186,3,3.5,0
623.2,192,3,3.5,0
689.2,253,3,3.5,0
683.2,253,2.5,3,0
704.2,220,3,3.5,0
704.2,202,3,3,0
698.2,200,3,3,0
468.2,206,3.5,3.5,0
483.2,186,3,3,0
713,248,3,3,0
769,230,3,3,0
786,216,2.5,2.5,0
781,217,3,3,0
794,221,3,3,0
803,220,3,3,0
797,234,3,3,0
790,232,3,3,0
799,250,3,3,0
811,249,3.5,3.5,0
781,198,3,3,0
787,198,3,3,0
799,196,3.5,3,0
838,213,3,3,0
845,253,3,3,0
886,235,3,3,0
761,205,3.5,3.5,0
796,187,3.5,3.5,0
802,187,3.5,3.5,0
836,199,3.5,3.5,0
842,205,3.5,3.5,0
913,231,3,3,0
940,221,3,3,0
895,184,3,3,0
886,184,3,3,0
777,280,3.5,3.5,0
759,286,3.5,3.5,0
861,300,4,4,0
852,266,3.5,3.5,0
829,236,3,3,0
826,233,3.5,3.5,0
814,231,4,3.5,0
617,292,3,3,0
929,227,4,4,0
910,195,4,4,0
879,189,4,4,0
902,184,3.5,3.5,0
775,203,4,4,0
774,197,4,4,0
784,181,3,3.5,0
887,249,4,4,0
774,303,3.5,3.5,0
786,304,4,4,0
801,309,4,4,0
721,300,4,4,0
717,311,4,4,0
750,253,3,3,0
696,246,3,3,0
950.6,257,3.5,3.5,0
959.6,301,3.5,3.5,0
954.6,298,3,3,0
992.6,239,3,3,0
989.6,239,3,3,0
997.6,239,3,3,0
1054.6,258,3,3,0
1067.6,258,3,3,0
1074.6,265,3,3,0
1060.6,224,3,3,0
1051.6,224,3,3,0
1049.6,209,2.5,2.5,0
1051.6,209,2.5,2.5,0
1054.6,208,2.5,2.5,0
1033.6,207,2.5,2.5,0
1040.6,206,2.5,2.5,0
1070.6,204,2.5,2.5,0
1054.6,200,3,3,0
1041.6,201,3,3,0
1007.6,210,3,3,0
995.6,230,3.5,3.5,0
997.6,208,3.5,3.5,0
1010.6,194,3,3,0
1037.6,194,3,3,0
1033.6,194,3,3,0
1062.6,191,3,3,0
1078.6,226,3.5,3.5,0
946.6,219,3.5,3.5,0
951.6,220,3.5,3.5,0
949.6,192,3.5,3.5,0
958.6,192,3.5,3.5,0
1149.8,224,3,3,0
1091.8,211,3,3,0
1093.8,208,3,3,0
1097.8,202,3,3,0
1099.8,195,3,3,0
1211.8,210,2.5,3.5,0
1206.8,209,3,3.5,0
1216.8,210,2.5,3,0
1219.8,208,2.5,3,0
1223.8,208,3,3,0
1229.8,207,3,3,0
1235.8,207,3.5,3.5,0
1223.8,195,4,4,0
1251.8,208,4,4,0
1247.8,224,3.5,3.5,0
1252.8,224,3.5,3.5,0
1258.8,224,3.5,3.5,0
1235.8,254,3,3,0
1235.8,249,3,3,0
1221.8,252,3,3,0
1225.8,257,3,3,0
1220.8,258,3,3,0
1228.8,295,3.5,3.5,0
1239.8,286,3.5,3.5,0
1218.8,273,4,4,0
1184.8,271,3,3,0
1205.8,262,4,4,0
1158.8,248,4,4,0
1156.8,242,3,3,0
1187.8,251,3,3,0
1143.8,266,4,4,0
1119.8,274,5,5,0
1111.8,262,4,4,0
1106.8,265,4,4,0
1096.8,249,3.5,3.5,0
1191.8,228,3.5,3.5,0
1148.8,218,3.5,3.5,0
1069.8,197,3.5,3.5,0
1267,208,2.5,2.5,0
1265,208,2.5,2.5,0
1262,209,2.5,2.5,0
131,278,3,3,0
135,267,3.5,3.5,0
57,299,3.5,3.5,0
88,176,3.5,3.5,0
227,224,3.5,3.5,0
300,219,3.5,3.5,0
53,490.8,3,3,0
26,499.8,3,3,0
19,506.8,2.5,2.5,0
25,514.8,3.5,3.5,0
25,508.8,3,3,0
31,508.8,3,3,0
43,499.8,3,3,0
48,498.8,3,3,0
75,530.8,2.5,2.5,0
79,530.8,2.5,2.5,0
83,529.8,3,3,0
93,546.8,3,3,0
89,549.8,2.5,2.5,0
76,545.8,2.5,2.5,0
72,544.8,2.5,2.5,0
39,539.8,3.5,3.5,0
54,561.8,3,3,0
78,561.8,3.5,3.5,0
81,564.8,3,3,0
50,572.8,3,3,0
46,572.8,2.5,2.5,0
60,571.8,4,4,0
67,572.8,4,4,0
62,561.8,3,3,0
106,564.8,2.5,2.5,0
141,552.8,3.5,3.5,0
135,552.8,3.5,3.5,0
161,519.8,3.5,3.5,0
196,542.8,3.5,3.5,0
207,542.8,3.5,3.5,0
205,552.8,3.5,3.5,0
185,548.8,3,3,0
180,545.8,3,3,0
173,544.8,3,3,0
187,540.8,3,3,0
160,547.8,4,4,0
167,549.8,4,4,0
196,520.8,3.5,3.5,0
205,519.8,3.5,3.5,0
240,522.8,3,3,0
248,513.8,4,4,0
269,513.8,3,3,0
284,515.8,3,3,0
271,491.8,3,3,0
115,476.8,3,3,0
111,475.8,3,3,0
108,473.8,3,3,0
85,472.8,3,3,0
81,470.8,3,3,0
68,485.8,3,3,0
18,523.8,3.5,3.5,0
13,469.8,3.5,3.5,0
295,546.8,3.5,3.5,0
117.2,561.8,3.5,3.5,0
351.2,530.8,3.5,3.5,0
357.2,531.8,3.5,3.5,0
363.2,531.8,3.5,3.5,0
369.2,530.8,4,4,0
381.2,529.8,4,4,0
358.2,522.8,3,3,0
353.2,521.8,3,3,0
345.2,528.8,3,3,0
381.2,544.8,3.5,3.5,0
396.2,560.8,2.5,2.5,0
368.2,562.8,2.5,2.5,0
365.2,560.8,2.5,2.5,0
361.2,559.8,2.5,2.5,0
357.2,574.8,3,3,0
399.2,502.8,3,3,0
394.2,502.8,3,3,0
388.2,501.8,3,2.5,0
281.2,508.8,2.5,2.5,0
281.2,496.8,2.5,2.5,0
187.2,520.8,2.5,2.5,0
188.2,517.8,2.5,2.5,0
426.6,522.8,2.5,2.5,0
431.6,523.8,2.5,2.5,0
436.6,523.8,3,3,0
445.6,533.8,3.5,3.5,0
440.6,531.8,3,3,0
436.6,531.8,3,3,0
388.6,516.8,3,3,0
492.6,498.8,3,3,0
499.6,498.8,3.5,3.5,0
507.6,498.8,3,3,0
560.6,489.8,3,3,0
564.6,489.8,3,3,0
535.6,509.8,3,3,0
541.6,505.8,3,3,0
548.6,512.8,3.5,3.5,0
524.6,520.8,3,3,0
475.6,574.8,2.5,2.5,0
489.6,575.8,2.5,2.5,0
515.6,577.4,2.5,2.5,0
429.6,592.4,3.5,3.5,0
480.6,533.4,4,4,0
411.6,503.4,3,3,0
459.6,526.4,3.5,3.5,0
517.6,518.4,2.5,2.5,0
514.6,503.4,3.5,3.5,0
508.6,507.4,3.5,3.5,0
531.6,538.4,2.5,2.5,0
528.6,536.4,2.5,2.5,0
319.8,246.4,3,3,0
629.4,581.2,3,3,0
637.4,582.2,3,3,0
643.4,582.2,3.5,3.5,0
642.4,555.2,2.5,2.5,0
632.4,549.2,3,3,0
651.4,551.2,3,3,0
645.4,549.2,3,3,0
695.4,557.2,3.5,3.5,0
706.4,569.2,3,3,0
707.4,542.2,2.5,2.5,0
711.4,543.2,2.5,2.5,0
714.4,544.2,2.5,2.5,0
645.4,542.2,4,4,0
653.4,582.2,3.5,3.5,0
554.4,576.2,4.5,4.5,0
526.4,580.2,4.5,4.5,0
652.4,534.2,3.5,3.5,0
724.4,571.2,3.5,3.5,0
699.4,567.2,3,3,0
731.4,580.2,3,3,0
620.4,485.6,3.5,3.5,0
612.4,483.6,3,3,0
629.4,484.6,3.5,3.5,0
637.4,484.6,3.5,3.5,0
630.4,497.6,3.5,3.5,0
671.4,494.6,3.5,3.5,0
658.4,487.6,4,4,0
701.4,485.6,3.5,3.5,0
716.4,485.6,3.5,3.5,0
620.4,549.6,3,3,0
790.6,507.6,3,3,0
780.6,506.6,3,3,0
754.6,554.6,3,3,0
759.6,487.6,3.5,3.5,0
741.6,482.6,3.5,3.5,0
737.6,485.6,3,3,0
846.6,525.6,3,3,0
850.6,526.6,3,3,0
856.6,526.6,3,3,0
884.6,555.6,2.5,2.5,0
889.6,553.6,2.5,2.5,0
920.6,555.6,3.5,3.5,0
873.6,519.6,3.5,3.5,0
881.6,519.6,3.5,3.5,0
962.8,561.6,3.5,3.5,0
948.8,561.6,3.5,3.5,0
959.8,514.6,3,3,0
958.8,510.6,3,3,0
972.8,517.6,3,3,0
1038.8,541.6,3.5,3.5,0
1043.8,558.6,3,3,0
1039.8,558.6,3,3,0
975.8,531.6,3,3,0
1091,532.6,3.5,3.5,0
1134,543.6,3.5,3.5,0
1080,498.6,4,4,0
843.4,574.8,3,3,0
847.4,574.8,3,3,0
850.4,575.8,3,3,0
860.4,578.8,3,3,0
897.4,569.8,3,3,0
800.4,569.8,3.5,3.5,0
753.4,583.8,3.5,3.5,0
799.4,599.8,3,3,0
802.4,601.8,3,3,0
919.4,573.8,3.5,3.5,0
950.4,580.8,3.5,3.5,0
963.4,600.8,3,3,0
980,598.8,3,3,0
993,602.8,3.5,3.5,0
1013,562.8,4,4,0
1076,572.8,4,4,0
965,575.8,4,4,0
1144.6,598.8,2.5,2.5,0
1150.6,598.8,3,3,0
1156.6,598.8,3,3,0
1106.6,607.8,3,3,0
1241,603.8,3,3,0
1276,596.8,3,3,0
1275,610.8,3,3,0
1272,610.8,3,3,0
1269,610.8,3,3,0
1273,554.8,3,3,0
1209,601.6,4,4,0
1180,539.6,3.5,3.5,0
1056.6,306.6,3.5,3.5,0
1027.6,275.6,4,4,0
1119.6,220.6,4,4,0
1134.6,217.6,4,4,0
1163.6,217.6,4,4,0
1278.6,220.6,3,3,0
808,571,3.5,3.5,0
718.8,543,3.5,3.5,0
723.8,543,3.5,3.5,0
742.8,601.6,4.5,4.5,0
732.8,601.6,4.5,4.5,0
625.8,262.8,3,3,0
632.8,263.8,3,3,0
1011.6,305.8,4,4,0
1024.6,303.8,4,4,0
1029.6,304.8,4,4,0
1035.6,301.8,4,4,0
934.6,574.2,4,4,0
561.6,534.2,4,4,0
643.6,526.2,3,3,0
21,569.2,3,3,0
817.6,300.6,4,4,0
822.6,292.6,4,4,0
730.6,269.6,3.5,3.5,0
541.8,229.6,2.5,2.5,0
565.8,228.6,3,3,0
544.8,189.6,3,3,0
435.8,291.6,3.5,3.5,0
286.8,248.6,3,3,0
204.8,251.6,3,3,0
18,244.6,3,3,0
133,212.6,3,3,0
128,210.6,2.5,2.5,0
189,205.6,2.5,2.5,0
975.4,191.6,3,3,0
1184.2,195.6,3,3.5,0
1153.2,534.4,3,3.5,0
1245.2,533.4,2.5,3,0
1181.2,490.4,3,3.5,0
1175.2,491.4,3,3.5,0
704.25,305.75,3,3.5,0
700.25,305.75,3,3.5,0
697.25,305.75,3,3.5,0
892.25,333.75,4,4.5,0
843.25,331.75,3.5,4,0
836.25,330.75,3.5,4,0
906.25,527,3,3.5,0
789.25,525,4,4,0
950,523,3.5,3.5,0
954,524,3.5,3.5,0
1022,528,3.5,3.5,0
1038,530,3.5,3.5,0
1146.5,604,3.5,3.5,0
1235.75,532.75,3,3,0
1237.75,525.75,3,3,0
565.75,579.5,3.5,3,0
577.75,290.25,4.5,4.5,0
589.75,207,3.5,4,0
286.25,242,3.5,3.5,0
118.25,269,3.5,3.5,0
128.25,306,3.5,3.5,0
13,318,4,4,0
15,262,4,4,0
35,273,4,4,0
2,227,3.5,3.5,0
63,196,3.5,3.5,0
63,190,3.5,3.5,0
116,241,3.5,3.5,0
268,213,4,4,0
355,311.25,3.5,3.5,0
349,311.25,4,4,0
325,337.25,3.5,3.5,0
341,348.25,3.5,3.5,0
346,346.25,3.5,3.5,0
378,335.25,3.5,3.5,0
383,333.25,3.5,3.5,0
386,332.25,3.5,3.5,0
370,311.25,3.5,3.5,0
340,427,3.5,3.5,0
328,430,3.5,3.5,0
413,479,4,4,0
129,477,3.5,3.5,0
135,481,3.5,3.5,0
61,553,4,4,0
59,477,4.5,4.5,0
252,541,4,4,0
372,482,4,4,0
837,572,4.5,4.5,0
881,581,4.5,4.5,0
898,554,3.5,3.5,0
927,553,3.5,3.5,0
780,483,4,4,0
746,500,3.5,3.5,0
763,462,4.5,4.5,0
740,466,4,4,0
1012,519.25,4,4.5,0
1126,541.25,3.5,4,0
1037,342,4.5,4.5,0
1069,339,4.5,4.5,0
1085,336,4,4,0
1090,240,4.5,4.5,0
1229.25,338,4,4,0
1252.25,337,3.5,3.5,0
1254.25,311,4,4,0
1115.25,594,4,4,0
1000.25,577,4,4,0
846.25,601,4.5,4.5,0
799.25,584,4.5,4.5,0
576.25,606,4.5,4.5,0
590.25,607,4,4,0
687.25,605,3,4,0
702.25,606,3.5,4,0
517.25,564,4,4.5,0
433.25,566,5,5,0
460.25,535,4.5,4.5,0
230,594,3.5,3.5,0
220,594,3.5,3.5,0
175,469.5,4,4,0
182,473.5,4,4,0
164,483.5,4,4,0
150,480.5,4,4,0
360,445.5,4,4,0
263,276.75,4,4,0
278,297.75,4,4,0
114,308.75,4,4,0
63,178.75,4,4,0
328,176.75,4,4,0
374,186.75,3.5,3.5,0
629.25,252.75,4.5,4.5,0
621.25,241.75,4,4,0
703.25,242.75,4,4,0
689.25,289.75,4,4,0
822.25,209.75,3.5,3.5,0
715.25,199.75,3.5,3.5,0
1210,250,3.5,3.5,0
1196,237,3.5,3.5,0
1138,514.25,4,4,0
1167,535.25,4,4,0
1031,611.25,3.5,4,0
793.25,568.25,4,4.5,0
717.25,601.25,3.5,4,0
711.25,600.25,3,3.5,0
495,518.25,4.5,4.5,0
336,589.25,3,3,0
339,590.25,3,3,0
344,591.25,3,3,0
7,523.25,4,4,0
141,189.25,4,4,0
115,178.25,3.5,3.5,0
645.5,196.25,4,4,0
710.5,233.25,4,4,0
721.5,226.25,4,4,0
702.5,281.25,3.5,3.5,0
713.5,282.25,4,4,0
708.5,286.25,4,4,0
658.5,314.25,4,4,0
1081.5,189.25,3,3,0
1070.5,189.25,3.5,3.5,0
979,198.25,4,4,0
968,191.25,3.5,3.5,0
868,610.25,3,3.5,0
764,606.25,3,3.5,0
758,604.25,3,3.5,0
399.75,597.25,4.5,5,0
51,597.25,4,4,0
214,601.25,4,4,0
280,599.25,3.5,3.5,0
335,574.25,4,4,0
217,231,3.5,3.5,0
684.25,556,3,3,0
681.25,556,3,3,0
640.6,474.2,3,3,0
633.6,473.2,3,3,0
647.6,496.2,3,3,0
651.6,495.2,3,3,0
642.6,489.2,3.5,3.5,0
640.6,496.2,2.5,2.5,0
587.6,494.2,3.5,3.5,0
484.6,496.2,3.5,3.5,0
470.6,495.2,3.5,3.5,0
1196.6,490.2,4,4,0
1256.6,184.6,4.5,4.5,0
1264.6,187.6,4,4.5,0
1174.6,202.6,4.5,4.5,0
1174.6,196.6,4.5,4.5,0
54,238.6,4,4,0
20,214.6,4,4.5,0
3,187.6,4,4,0
168,317.8,3.5,3.5,0
340,287.2,3.5,3.5,0
134,340.2,3.5,3.5,0
140,341.2,3.5,3.5,0
146,344.2,4,4,0
142,330.2,4,4,0
120,345.2,3.5,3.5,0
113,343.2,3.5,3.5,0
784.8,345.2,4,4,0
866.8,328.2,4,4,0
1233.6,611.2,4.5,4.5,0
24,180.8,4,4.5,0
79,193.8,2.5,3,0
205,188.8,3.5,4,0
268,202.8,3.5,4,0
202,256.8,3.5,4,0
164,192.8,3,3,0
180,230.8,4,4,0
157,423.6,4,4,0
93,579.8,4.5,4.5,0
267,600.2,3.5,4,0
303,600.2,3,3.5,0
291,599.2,3,3.5,0
285,598.2,3,3.5,0
260,603.2,3.5,4,0
165,598.2,3.5,4,0
565.2,604.2,3.5,4,0
925.2,574.2,3.5,4,0
940.2,612.2,3.5,4,0
945.2,612.2,3.5,4,0
758.2,583.2,3.5,4,0
774.2,607.2,4,4.5,0
753.2,609.2,4,4.5,0
740.2,609.2,4.5,5,0
702.2,599.2,4,4.5,0
900.2,610.2,3.5,4,0
1098.2,607.2,3,3.5,0
1104.2,615.2,4,4.5,0
1132.2,605.2,2.5,3,0
1225.4,186.8,4,4.5,0
1209.4,198.8,3,3.5,0
1083.4,208.8,3,3.5,0
1008.6,238.8,3,3.5,0
1093.8,187.8,3,3.5,0
1099.8,189.8,3.5,4,0
1110.8,187.8,3.5,4,0
961.8,183.8,3,3.5,0
982.8,182.8,4,4.5,0
927.8,188.8,2.5,3,0
554.6,191.8,2.5,3,0
447.6,172.8,4,4.5,0
348.2,193.8,2.5,3,0
56,177.8,3,3.5,0
94,514,2.5,3,0
306,588,3,3.5,0
464,603,3,3.5,0
676.4,595,2.5,3,0
795.4,609,2.5,3,0
799.4,609,2.5,3,0
988.6,613,3.5,4,0
996.6,614,4,4.5,0
967.6,611,3.5,4,0
27,539,3,3.5,0
33,173,3.5,4,0
102,168,3.5,4,0
374.2,175,4,4.5,0
528.2,182,4,4,0
416.2,234,4,4,0
361.2,228,3,3,0
693.2,219,3,3,0
699.2,219,3,3,0
666.2,273,3,3,0
934,220,3,3,0
969,527.2,3,3,0
601,607.4,4,4.5,0
680,602.4,3,3.5,0
635,192.8,3,3.5,0
586,176.8,3,3.5,0
247.6,210.8,3.5,4,0
289.6,189.8,3,3.5,0
9,308.8,4,4,0
20,223.8,3.5,3.5,0
53,172.8,4,4,0
192,200.8,4,4,0
237,200.8,4,4,0
253,170.8,3.5,3.5,0
114,555,3,3,0
33,209.6,4,4.5,0
10,216.6,7.5,8,0
26,231.6,7.5,8,0.524
44,234.6,9.5,10,-0.087
67,254.6,8.5,9,-0.087
8,254.6,4.5,4.5,-0.087
19,272.6,5.5,5.5,-0.087
21,285.6,4.5,4.5,-0.087
78,270.6,5,5,-0.087
110,268.6,5.5,5.5,-0.087
94,248.6,7.5,8,-0.087
121,256.6,7.5,8,-0.087
117,225.6,5,5.5,-0.087
119,209.6,7,7.5,-0.087
100,195.6,5,5,-0.087
93,202.6,4.5,4.5,-0.087
82,205.6,6.5,6.5,-0.087
69,204.6,8,9,0.436
77,216.6,6.5,7,0
42,194.6,10.5,11.5,0.524
127,228.6,4.5,5,-0.087
87,291.6,5,5.5,-0.087
80,283.6,3.5,4,-0.087
133,294.6,5,5.5,-0.087
4,288.6,7,7.5,-0.087
102,308.6,8,10,-0.087
45,317.6,6.5,6.5,-0.087
31,338.6,7.5,7.5,-0.087
180,260.6,7,8,0.262
181,219.6,5,5,0
180,209.6,5,5,0
161,224.6,4.5,4.5,0
158,242.6,4.5,4.5,0
153,234.6,9,10,0
143,206.6,8,10,0.524
177,176.6,5,5,0.349
183,202.6,5,5,0.349
177,189.6,10.5,12,0.349
130,172.6,9,10.5,0.349
85,186.6,6.5,7.5,0.349
32,158.6,7,8,0.349
48,166.6,5.5,6,0.349
234,280.6,8.5,8.5,0
249,267.6,8.5,9.5,0
251,225.6,7.5,8.5,0
236,235.6,5.5,6.5,0.262
267,223.6,4,4,0
221,213.6,4,4.5,0
230,195.6,5,5.5,0
240,189.6,5,5.5,0
262,188.6,4,4.5,0
264,194.6,4.5,5,0
291,179.6,5,5.5,0
257,298.6,3.5,4,0
293,285.6,9,10.5,-1.047
282,316.6,9,9.5,0
339,305.6,5.5,5.5,0
338,276.6,5.5,5.5,0
308,254.6,11,12,0
285,231.6,5.5,6,0
293,223.6,7,7.5,0
250,311.6,9.5,9.5,0
41,586.2,8.5,8.5,0
18,581.2,8.5,8.5,0
11,568.2,8,9,0
8,544.2,6.5,7.5,0
50,524.2,8.5,9.5,0
71,519.2,8,9,0
105,538.2,7.5,8,0
139,544.2,5,5,0
124,521.2,5.5,5.5,0
130,514.2,5,5,0
132,494.2,6,6.5,0
181,516.2,5,5,0
174,537.2,5,5,0
196,572.2,7,7,0
165,559.2,7,7,0
157,572.2,6,6,0
144,578.2,6,6,0
131,587.2,7,7,0
94,592.2,11.5,11.5,0
107,589.2,5.5,5.5,0
116,587.2,6.5,7.5,0
43,487.2,6,6,0
173,589.2,8.5,8.5,0
190,599.2,8.5,8.5,0
257,577.2,9.5,9.5,0
258,559.2,7,7,0
236,564.2,12,12,0
227,514.2,11,12,0
241,487.2,9,9.5,0
258,506.2,8.5,9,0
298,513.2,9,9.5,0
298,495.2,10,10.5,0
312,507.2,6.5,7,0
339,543.2,10,10.5,0
305,614.2,10,10.5,0
244,597.2,8.5,9,0
280,611.2,8.5,9,0
148,606.2,7.5,8.5,0
117,608.2,8,9,0
132,599.2,7,7,0
58,612.2,11,11.5,0
28,608.2,13,13.5,0
75,596.2,4.5,5,0
20,593.2,5.5,6,0
35,563.2,6,7.5,0
85,509.2,5.5,5,0
107,501.2,13,15,0
284,552.2,11.5,13.5,-0.785
324,519.2,8,8,0
296,471.8,7.5,7.5,0
336,474.8,7.5,7.5,0
321,494.8,5,5,0
263,453.8,9,9,0
231,441.8,9.5,9.5,0
288,423.8,9.5,9.5,0
176,439.8,9.5,9.5,0
160,465.8,9.5,9.5,0
99,438.8,6.5,6.5,0
74,432.8,9.5,9.5,0
85,437.8,4.5,4.5,0
43,453.8,6,6,0
26,481.8,5.5,5.5,0
40,513.8,4.5,4.5,0
35,501.8,4,4,0
2,482.8,8,8,0
11,437.8,4.5,4.5,0
197,421.8,4.5,4.5,0
215,416.8,9,9,0
261,419.8,12.5,17,0
185,408.8,8,8,0
176,418.4,4.5,4.5,0
149,397.4,7.5,7.5,0
163,396.4,5.5,5.5,0
180,385.4,4,4,0
175,374.4,4,4,0
162,369.4,8.5,8.5,0
172,358.4,4,4,0
179,341.4,5,5,0
189,343.4,5,5,0
141,379.4,5.5,5.5,0
241,413.4,4,4,0
239,396.4,12.5,12.5,0
255,391.4,5,5,0
246,376.4,4.5,4.5,0
277,380.4,7.5,7.5,0
221,376.4,5,5,0
227,367.4,6,6,0
233,349.4,5,5,0
201,341.4,4,4,0
205,341.4,4,4,0
218,351.4,4,4,0
241,333.4,5,5,0
263,339.4,5,5,0
259,353.4,5,5,0
250,346.4,4.5,4.5,0
209,361.4,9.5,8.5,-0.524
332,383.4,10,11.5,0
303,343.4,5,5,0
288,332.4,5,5,0
340,407.4,7.5,7.5,0
320,397.4,4.5,4.5,0
119,375.4,5,5,0
92,384.4,5,5,0
73,392.4,6.5,6.5,0
71,405.4,5,5,0
55,385.4,6.5,6.5,0
106,334.4,4.5,4.5,0
349.4,452.4,6,6,0
376.4,459.4,5,5,0
383.4,437.4,5,5,0
352.4,439.4,4,4,0
345.4,435.4,4.5,4.5,0
352.4,425.4,6.5,7.5,0
370.4,413.4,4.5,4.5,0
387.4,416.4,5,5,0
371.4,394.4,6.5,6.5,0
352.4,390.4,4.5,4.5,0
403.4,387.4,10.5,10.5,0
416.4,427.4,5.5,5.5,0
408.4,464.4,10.5,10.5,0
460.4,460.4,12,12,0
458.4,497.4,10.5,12.5,0
447.4,423.4,7.5,8,0
448.4,378.4,10,10.5,0
460.4,369.4,4.5,5,0
468.4,404.4,5.5,5.5,0
260.4,491.4,3.5,3.5,0
255.4,491.4,3,3,0
362.4,511.6,5.5,5.5,0
379.4,511.6,4,4,0
417.4,521.6,6.5,6.5,0
406.4,521.6,4.5,4.5,0
414.4,531.6,4.5,4.5,0
412.4,554.6,6,6,0
372.4,521.6,4,4,0
459.4,562.6,11,12,0
408.4,576.6,10.5,11.5,0
375.4,575.6,10.5,11.5,0
443.4,512.6,4.5,4.5,0
269.4,592.6,5.5,6.5,0
232.4,580.6,4.5,4.5,0
356.4,583.6,5,5,0
346.4,578.6,8.5,10,0
358.4,617.6,13,14.5,-0.262
390.4,611.6,11,12.5,-0.262
410.4,604.6,8,9.5,0
371.4,595.6,8,8.5,0
327.4,595.6,8.5,9,0
460.4,588.6,6.5,7,0
474.4,594.6,7.5,8,0
483.4,607,5,5.5,0
458.4,606.8,4,4,0
195.4,314.4,4,4,0
182.4,315.4,12.5,9.5,0
355.4,345.4,4,4.5,0
392.4,315.4,4.5,5,0
383.4,294.4,5,5.5,0
395.4,286.4,4,4.5,0
405.4,288.4,4,4.5,0
349.4,296.4,4.5,5,0
412.4,310.4,7,7.5,0
403.4,324.4,8.5,10,-0.436
333.4,252.4,9.5,10,-0.436
350.4,259.4,9,10,0
370.4,257.4,9.5,10,0
390.4,257.4,7.5,8,0
386.4,245.4,5,5.5,0
392.4,241.4,4.5,5,0
383.4,231.4,7.5,8,0
360.4,220.4,5.5,6,0
346.4,218.4,6.5,7,0
374.4,201.4,7.5,8,0
402.4,201.4,6.5,7,0.349
432.4,210.4,9,10.5,0.349
451.4,201.4,6.5,7,0.349
445.4,214.4,5.5,6,0.349
469.4,235.4,5.5,6,0.349
416.4,269.4,5.5,5.5,0.349
402.4,263.4,5,5,0.349
486.4,227.4,10,10,0.349
416.4,181.6,11,11,0.349
398.4,164.6,11,11.5,0.349
421.4,166.6,11,11.5,0.349
360.4,167.6,5.5,6,0.349
344.4,167.6,7,7.5,0.349
314.4,168.6,4.5,5,0.349
313.4,212.6,10.5,10,0.349
325.4,193.6,12,14,0.349
272.4,174.6,9.5,11.5,0.349
230.4,164.6,6.5,8,-0.262
239.4,160.6,9.5,11,-0.262
212.4,176.6,8.5,9,-0.262
195.4,185.6,9.5,10,-0.262
183.4,165.6,9,9.5,-0.262
154.4,178.6,7,7.5,-0.262
294.4,170.6,5,5.5,-0.262
460.4,170.6,9,9,0
478.4,176.6,9,9.5,0
340.4,188.6,4,4.5,0
366.4,326,12,12.5,0
384.4,350,4,4.5,0
393.4,350,4,4,0
405.4,345,4.5,4.5,0
414.4,339,4,4,0
384.4,371,4.5,4.5,0
423.4,363,4.5,4.5,0
455.4,353,6,6,0
453.4,335,12,12,0
433.4,287,4,4,0
304.4,443,3.5,3.5,0
299.4,442,3.5,3.5,0
309.4,396,4,4,0
327.4,307,4,4,0
490.6,374,12.5,12.5,0
493.6,310,10.5,10.5,0
508.6,308,7.5,7.5,0
543.6,326,6.5,6.5,0
512.6,341,6,6,0
523.6,349,6,6,0
493.6,345,4.5,4.5,0
533.6,346,4,4,0
539.6,344,4,4,0
546.6,343,4,4,0
561.6,355,4.5,4.5,0
546.6,357,4,4,0
535.6,357,4.5,4.5,0
518.6,359,5.5,5.5,0
469.6,355,4,4,0
434.6,334,4,4,0
507.6,419,4.5,4.5,0
498.6,426,4.5,4.5,0
493.6,432,4.5,4.5,0
489.6,422,4,4,0
491.6,409,4.5,4.5,0
547.6,393,6,6,0
552.6,384,4.5,4.5,0
576.6,386,15,16,0
546.6,424,11,11,0
501.6,452,5.5,5.5,0
460.6,414,4.5,4.5,0
570.6,442,12.5,12.5,0
583.6,405,5,5,0
573.6,406,4,4,0
565.6,405,4,4,0
562.6,289,7.5,7.5,0
601.8,398,7.5,7.5,0
618.8,387,6,6,0
615.8,365,5.5,5.5,0
608.8,373,6,6,0
611.8,355,4.5,4.5,0
618.8,352,4,4,0
629.8,330,4.5,4.5,0
656.8,340,4,4,0
644.8,349,4.5,4.5,0
653.8,356,5.5,5.5,0
640.8,365,6,6,0
634.8,384,6.5,6.5,0
640.8,393,4,4,0
667.8,391,11.5,11.5,0
682.8,388,5,5,0
690.8,360,6,6,0
627.8,424,5,5,0
690.8,395,5.5,5.5,0
691.8,378,4,4,0
713.8,397,5.5,5.5,0
677.8,449,9.5,9.5,0
707.8,476,6,6,0
683.8,476,11.5,11.5,0
641.8,446,11.5,11.5,0
619.8,441,12,13,0
503.8,276,12,12,0
519.8,238,9,9,0
588.8,268,8,9,0
609.8,271,5,5,0
622.8,279,5,5,0
676.8,272,8,8,0
695.8,286,4.5,4.5,0
663.8,266,5.5,5.5,0
664.8,238,4,4,0
709.8,267,10.5,11,0
601.8,248,11,11.5,0
614.8,233,4.5,4.5,0
624.8,235,5.5,5.5,0
637.8,306,16,13.5,-0.611
692.8,238.4,4.5,4.5,0
674.8,225.4,3.5,3.5,0
682.8,206.4,6,6,0
638.8,202.4,5,5,0
640.8,187.4,4.5,4.5,0
617.8,189.4,5.5,5.5,0
631.8,186.4,5.5,5.5,0
638.8,176.4,5,5,0
611.8,177.4,4,4,0
603.8,187.4,4,4,0
599.8,206.4,4,4,0
604.8,218.4,11,11.5,0
554.8,226.4,5,5,0
550.8,220.4,4,4,0
534.8,225.4,5,5,0
560.8,207.4,11,13.5,0.524
576.8,195.4,7.5,8.5,0.524
578.8,205.4,3.5,3.5,0.524
537.8,203.4,12,14,0.524
555.8,173.4,10,13,0.611
518.8,170.4,9,11.5,0.436
499.8,165.4,10.5,13,0.436
497.8,176.4,4.5,4.5,0.436
598.8,169.4,8.5,10,0.436
640.8,168.4,9.5,11,0.436
675.8,172.4,11,12.5,0.175
578.8,172.4,6.5,6.5,0.175
573.8,179.4,3.5,3.5,0.175
626.8,221.4,3.5,3.5,0.175
694.8,213.4,3.5,3.5,0.175
697.8,206.4,4.5,4.5,0.175
705.8,185.4,7.5,8.5,0.175
721.8,194.4,6,5.5,0.175
762.8,169.4,10,12,0.349
724.8,173.4,9,10,0.349
742.8,220.4,5.5,5.5,0.349
760.8,242.4,5.5,5.5,0.349
768.8,256.4,5.5,5.5,0.349
786.8,250.4,6,6,0.349
735.8,254.4,7,7,0.349
724.8,244.4,9,10.5,0.349
812.8,257.4,4.5,4.5,0.349
796.8,281.4,10.5,10.5,0.349
871.8,280.4,5.5,5.5,0.349
890.8,271.4,5.5,5.5,0.349
740.8,287.4,11.5,13,0.349
750.8,303.4,6.5,9,0.349
703.8,315.4,5.5,5,0
829.8,302.4,5.5,5.5,0
825.8,319.4,10,10,0
859.8,326.4,5.5,5.5,0
868.8,233.4,13,15,0.611
757.8,222.4,11.5,13.5,0.349
760.8,193.4,4.5,5,0
753.8,207.4,4.5,5,0
766.8,186.4,6,6.5,0
744.8,190.4,12.5,14,0
784.8,264.4,4.5,4.5,0
788.8,260.4,4.5,4.5,0
742.8,354.6,12,12,0
770.8,362.6,15,15,0
782.8,385.6,7,7,0
726.8,368.6,4.5,4.5,0
735.8,386.6,6,6,0
764.8,387.6,6.5,6.5,0
781.8,400.6,5,5,0
841.8,373.6,13,13,0
869.8,353.6,12,12,0
868.8,377.6,8,8,0
881.8,368.6,6.5,6.5,0
817.8,413.6,7.5,7.5,0
821.8,428.6,7.5,7.5,0
780.8,438.6,12.5,13,0
716.8,419.6,13.5,13.5,0
762.8,447.6,5.5,5.5,0
736.8,454.6,6,6,0
809.8,450.6,6,6,0
861.8,431.6,12,12,0
829.8,343.6,4.5,4.5,0
705.8,447.8,4,4,0
725.8,445.8,4,4,0
735.8,476.8,5,5,0
769.8,483.8,4,4,0
729.8,493.8,4.5,4.5,0
764.8,526.8,13.5,13.5,0
780.8,528.8,7,7,0
728.8,524.8,12,17,-0.611
695.8,529.8,5.5,6,0
666.8,507.8,6.5,7,0
598.8,486.8,9.5,10,0
603.8,503.8,5.5,6,0
571.8,502.8,6.5,9,-0.349
579.8,491.8,5,5,0
626.8,542.8,5.5,5.5,0
825.8,525.8,5.5,5.5,0
809.8,544.8,5.5,5.5,0
599.8,535.4,13,17,-0.349
610.8,581.4,14,21.5,-0.349
665.8,560.4,11,12.5,0.087
699.8,587.4,9.5,10,0.087
737.8,560.4,13,15,0
824.8,560.4,5,6,0
810.8,564.4,4.5,5.5,0
788.8,554.4,6,6.5,0
744.8,584.4,6,6.5,0
826.8,597.4,5,5.5,0
863.8,587.4,6,6.5,0
868.8,600.4,4.5,5,0
892.8,576.4,5.5,6,0
890.8,538.4,5.5,6,0
893.8,508.4,12,12.5,0
857.8,479.4,11.5,16,0
816.8,486.4,15.5,19.5,0
652.8,573.4,5.5,6,0
810.8,595.4,5.5,6,0
771.8,577.4,11.5,12,0
773.8,558.4,10.5,11,0
786.8,598.4,9,9.5,0
583.8,562.4,5,5.5,0
578.8,565.4,4.5,5,0
540.4,544.4,7,7.5,0
522.4,544.4,5.5,6,0
498.4,560.4,10,10.5,0
496.4,575.4,5.5,6,0
500.4,601.6,9,10,0
523.4,605.6,4.5,5,0
530.4,603.6,4.5,5,0
544.4,594.6,10.5,12.5,0
557.4,604.6,4.5,5,0
584.4,622.6,13.5,15.5,0
616.4,617.6,10,12,0
626.4,607.6,9.5,13.5,0
682,623.6,12,16,-0.262
713,622.6,14,15.5,0
842,621.6,10,11.5,-0.175
808,607.6,5,5,-0.175
781,620.6,10,11.5,-0.175
740,542.6,3,3,0
646.4,605.6,9,10.5,0
666.4,609.6,6,7.5,0
905.4,548.6,5.5,6,0
912.4,540.6,5.5,6,0
908.4,574.6,6,6,0
863.4,616.4,6,7,0
881.4,629.4,12.5,13.5,-0.349
909.4,627.4,13.5,15.5,-0.349
918.4,611.4,13.5,15.5,-0.349
929.4,591.4,8,9,0.087
937.4,560.4,7.5,7.5,0.087
984.4,558.4,8,8.5,0.087
1003.4,593.4,8.5,9,0.087
1033.4,580.4,5,5.5,0.087
1031.4,564.4,5,5,0.087
1010.4,542.4,5,5,0.087
1018.4,541.4,5,5,0.087
1000.4,527.4,7.5,7.5,0.087
983.4,541.4,5,5,0.087
1059.4,561.4,6.5,6.5,0.087
938.4,538.4,16,17,-0.524
938.4,491.4,7,7,0
1034.4,498.4,6,6,0
1012.4,529.4,6,6,0
1031.4,534.4,5.5,5.5,0
1016.4,620.4,17,17,0
988.4,625.4,10.5,11,0
1055.2,609.4,16,11,0.873
1079.2,635.4,17.5,14,1.222
1078.2,610.4,7.5,8,0.087
1087.2,603.4,7,7.5,0.087
1100.2,596.4,7,7.5,0.087
1097.2,580.4,4.5,5,0.087
1116.2,551.4,7,7,0.087
1125.2,608.4,5.5,5.5,0.087
1138.2,605.4,5.5,5.5,0.087
1166.2,610.4,5,5,0.087
1166.2,603.4,5,5.5,0.087
1147.2,614.4,5.5,5.5,0.087
1150.2,639.4,17,17,0.087
1166.2,566.4,15.5,17,0.087
1116.2,515.4,7.5,7.5,0.087
1082.2,533.4,5.5,5.5,0.087
1074.2,523.4,6.5,6.5,0.087
1056.2,515.4,13.5,17,-0.262
1022.2,518.4,5,5.5,0
1121.2,470.2,10,10.5,0
1098.2,438.2,10,10.5,0
1075.2,457.2,4.5,4.5,0
993.2,472.2,18,18,0
1009.2,446.2,5,5,0
1016.2,433.2,6,6,0
1041.2,451.2,4.5,4.5,0
1055.2,451.2,4.5,4.5,0
1081.2,443.2,5.5,5.5,0
1057.2,458.2,4,4,0
1075.2,406.2,6,6,0
975.2,440.2,5,5,0
959.2,434.2,7.5,7.5,0
983.2,420.2,5.5,5.5,0
989.2,429.2,5,5,0
863.2,510.2,5,5,0
992.2,393.6,14,16,0
1023.2,382.6,13,15,0
1038.2,377.6,7,7,0
1054.2,386.6,7,7,0
1066.2,378.6,7,7,0
1024.2,356.6,5,5,0
947.2,421.6,8.5,7.5,0.524
933.2,415.6,11,14,-0.785
920.2,375.6,8,8,0
991.2,371.6,5.5,5.5,0
1016.2,335.6,6.5,6.5,0
996.2,302.6,5.5,5.5,0
984.2,300.6,6.5,6.5,0
1039.2,287.6,6.5,6.5,0
1107.2,343.6,6,6,0
1101.2,305.6,10.5,10.5,0
1143.2,375.6,7,7,0
1002.2,322.6,13.5,13.5,0
909.2,308.6,6,6,0
837.8,186.8,4,4,0
842.8,185.8,3.5,3.5,0
849.8,177.8,4.5,4.5,0
833.8,163.8,15.5,17,0
867.8,171.8,11.5,13,0.698
861.8,184.8,10.5,12,0.349
819.8,193.8,15.5,17,0.349
899.8,226.8,6.5,6.5,0.087
901.8,236.8,6.5,6.5,0.087
931.8,242.8,7,7,0.087
975.8,219.8,13.5,14.5,0.087
928.8,198.8,6,6,0.087
971.8,177.8,7.5,8,0.087
903.8,169.8,10,12.5,0.349
991.8,275.8,11,12.5,0
1010.8,273.8,4.5,5,0
1020.8,271.8,5.5,6,0
1019.8,241.8,6,6.5,0
1035.8,219.8,8,9,0
1045.8,239.8,5.5,6.5,0
903.8,277.8,12.5,14,0.873
918.8,182.8,5.5,7,0.436
883.8,211.8,12.5,14,0.436
872.8,192.8,3.5,4,0
939.8,182.8,3.5,3.5,0
943.8,184.8,3.5,3.5,0
1056.2,270.8,9,7.5,-0.96
1070.2,230.8,5,5,0
1076.2,194.8,4.5,4.5,0
1062.2,179.8,5.5,5.5,0
1045.2,174.8,10.5,11,0
1017.2,171.8,11,13.5,0.436
1025.2,191.8,6.5,6.5,0
1079.2,179.8,7.5,8.5,0.349
1106.2,176.8,9.5,10.5,0.349
1102.2,224.8,14.5,15.5,0.349
1085.2,198.8,7.5,7.5,0.349
1128.8,191.8,14.5,17.5,0.349
1123.8,211.8,4.5,4.5,0.349
1170.8,209.8,4.5,4.5,0.349
1200.8,215.8,5.5,5.5,0.349
1156.8,177.8,12.5,14,0.349
1181.8,172.8,11,12.5,0.349
1195.8,183.8,10,11.5,0.349
1216.8,192.8,4,4.5,0.349
1214.8,185.8,5,5.5,0.349
1233.8,198.8,5,5,0.349
1157.8,199.8,5.5,5.5,0.349
1172.8,184.8,6,6,0.349
1179.8,191.8,4.5,4.5,0.349
1165.8,191.8,5,5,0.349
1155.8,188.8,7,7,0.349
1175.8,238.8,11,11.5,0.349
1231.8,222.8,12,12.5,0.349
1177.8,290.8,5.5,6,0
1206.8,284.8,6,6.5,0
1197.8,251.8,9.5,10,0
1242.8,306.8,6,6.5,0
1176.8,336,20.5,21,0
1162.8,306,10,12,-0.611
1197.8,402.6,16.5,16.5,0.175
1188.8,455.6,14,16,0.175
1201.8,475.6,5.5,5.5,0.175
1214.8,458.6,6.5,6.5,0.175
1224.8,455.6,4.5,4.5,0.175
1217.8,446.6,4.5,4.5,0.175
1212.8,430.6,5.5,5.5,0.175
1225.8,427.6,6.5,6.5,0.175
1195.8,430.6,5,5,0.175
1228.8,411.6,6,6,0.175
1244.8,429.6,6,6,0.175
1099.8,423.6,5.5,5.5,0.175
1192.8,522.8,10,11,0.175
1212.8,527.8,8.5,9.5,-0.436
1206.8,560.8,11.5,11.5,-0.175
1240.8,496.8,13,13,-0.175
1264.2,448.8,9,9,-0.175
1259.2,493.8,6,6,-0.175
1265.2,532.8,16.5,16.5,-0.175
1240.2,575.8,16,18,-0.175
1187.2,603.8,16.5,18.5,-0.436
1217.2,611.8,5,5.5,0
1198.2,641.8,14,17,-0.698
1205.2,620.8,3.5,4,0
1269.2,290.4,5.5,6,0
1264.2,271.4,5.5,6,0
1260.2,261.4,4,4.5,0
1208.2,332.4,13,13.5,0
1262.2,348.4,6.5,7,0
1213.2,228.4,11.5,14.5,0
1007.2,253.4,12,15,0
961.2,205.4,7.5,9,0
950.2,329.4,3.5,3.5,0
864,310.4,3.5,3.5,0
826,611.4,4.5,4.5,0
976,614.4,4,4,0
885,401.4,4.5,4.5,0
875,402.4,4,4,0
867,400.4,4,4,0
962.4,406.4,4.5,4.5,0
954.4,398.4,4,4,0
933.4,392.4,4,4,0
1029.4,335.4,4.5,4.5,0
1151.4,409.4,5,5,0
1267.4,387.4,5,5,0
1256.4,386.4,5,5,0
1216.4,411.4,5.5,5.5,0
954.6,613,5,5,0
885.6,610,4,4,0
1118.4,619,4,4,0
1127.4,620,4,4,0
9,596.6,5,5,0
