232.5,197.333,12
60.5,184.833,9.5
70,156.833,8.5
107,156.833,9.5
129,168.333,11.5
42,234.778,10
71.5,250.278,8.5
62,230.278,7
100,232.778,7.5
105,222.778,4.5
100,211.778,5
114.5,207.778,5.5
122,222.278,4.5
127,230.278,2.5
140.5,240.278,7.5
159.5,246.278,5.5
166,230.278,6.5
179,249.778,5
106.5,319.722,9.5
282,539.722,12.5
326,574.944,10.5
192,611.889,10.5
315.5,252.333,10
165.5,195.333,8.5
163,190.333,5
125.5,277.056,6
126,295.556,7.5
135.5,312.556,8
267.5,168.556,12
298,160.056,10.5
319,191.556,11.5
344,198.556,9
345.5,194.056,5.5
372.5,191.556,8.5
250,275.278,8.5
249.5,254.278,5
239,248.778,4.5
212,233.778,4.5
203.5,237.778,4.5
187.5,288.278,4
170.5,286.278,4
68.5,313.278,5.5
66,299.278,4.5
6,248.278,5
11.5,222.278,4
37,208.778,7.5
2.5,161.278,9.5
349.5,402.722,8.5
290,374.722,9.5
278.5,359.722,7
274,305.222,8
298,280.278,7
306,270.778,5.5
287.5,267.278,4.5
276.5,263.778,4.5
288.5,284.278,2.5
279,273.778,2.5
253.5,299.278,4.5
238.5,302.778,4
202,264.778,4
212,245.778,4
247.5,215.278,4.5
308.5,211.778,8
334,243.278,6
356.5,253.778,5.5
366,246.278,5.5
214,208.778,7.5
194,211.278,5
146,209.278,7
99,288.778,5.5
4.5,269.778,6
21,259.778,4.5
22,234.278,5
12,207.778,5.5
24.5,172.278,5.5
19,166.278,5
22,192.778,3.5
17,184.778,3.5
11.5,195.278,3
0.5,197.778,5.5
189.5,267.778,2.5
183,269.278,2.5
191,277.278,2.5
177.5,270.778,2
114,234.278,2
111.5,240.278,4
83.5,225.778,5
78,215.778,5
90,239.778,5.5
82,262.278,4.5
95,263.278,4
123.5,254.278,5
392.5,184.278,6.5
350,226.278,7
345.5,276.278,5.5
350.5,284.778,4
358,301.278,5.5
370,288.778,6
283,209.056,5
275,223.556,2.5
268.5,220.056,2.5
272.5,211.056,2.5
264,212.556,3.5
258.5,239.056,3.5
267.5,250.556,3.5
232.5,235.556,5.5
227,266.556,2
175.5,219.556,2
178.5,184.056,4
162,179.556,9
189.5,186.056,4
108.5,198.056,2.5
70,198.556,3.5
58,208.556,4
210,272.5,3
132,230.278,3
134,210.278,3.5
452,262.278,4.5
438,282.278,4
447.5,282.278,4
440,294.278,4
461.5,302.778,4
390.5,309.278,5
378,318.278,7
350,325.778,6.5
331.5,335.278,9
291,312.778,5
306,309.278,3.5
325,294.278,4.5
313,286.278,3.5
285.5,291.778,2.5
292,296.778,2.5
264,293.278,3
259,287.278,2
235,293.778,2
225.5,288.778,2
225.5,294.278,2
221.5,290.778,2
219.5,276.278,3
205.5,281.278,1.5
154.5,268.778,2.5
164,255.778,1.5
194,235.278,3.5
234.5,221.778,3
247.5,226.778,3.5
262,228.778,3
272,184.333,3.5
206.5,321.778,4.5
158.5,216.778,4.5
130,203.278,3
47,140.278,3.5
158,160.778,4
403,240.278,4.5
396,232.778,4.5
410,222.778,5
387,214.778,6
472,217.278,7.5
485.5,216.778,6.5
533.5,196.778,10
441,240.278,5
439,233.278,3.5
426,232.278,3.5
421.5,241.778,4
411.5,258.278,3.5
403.5,258.278,3
389.5,258.278,2
376,254.278,2
371.5,264.278,2
381.5,242.278,2.5
374.5,235.278,3.5
373,218.778,5
361.5,220.278,3
357.5,215.778,3
342,216.278,2.5
323.5,220.778,2.5
322,207.278,2.5
312,230.278,3.5
302,230.778,3.5
52.5,253.5,2.5
38,402.444,11
431.5,596.389,13
525.5,592.389,11
570.5,454.5,11
593,281,12.5
708.5,271.5,12.5
818.5,272.5,10
717,224.278,10.5
794.5,195.778,9.5
417,190.278,5.5
426.5,166.278,4.5
460.5,170.278,4.5
465.5,144.778,3
441.5,137.778,3.5
424,128.278,3.5
419,138.278,4
422,147.778,4.5
270,145.278,6.5
176.5,304.08,3.5
522,223.58,9
526.5,237.08,3.5
503.5,236.08,4.5
500,246.08,5
483,260.08,4
489,278.58,5.5
508.5,291.58,6
474,293.08,9
492.5,290.58,5
457.5,257.58,3.5
465.5,255.08,2.5
484.5,197.12,3.5
274.5,191.62,2
294.5,180.62,2
300,199.62,2
288.5,220.62,4
283,217.62,3
187,232.12,2
193.5,231.62,3.5
178,173.12,2.5
184.5,179.12,2.5
186,188.12,3
192.5,196.62,5
144.5,199.62,4
89,198.62,1.5
77,190.12,1.5
72,178.12,3
77,173.62,3.5
98,185.62,5.5
0.5,216.62,5
482,332.12,8.5
206.5,338.62,4.5
216.5,326.62,4
223.5,322.62,2.5
248.5,312.12,3.5
190,300.12,2
237,270.62,3.5
200.5,245.12,2.5
269,241.12,2.5
278,229.12,1.5
239.5,229.12,2
244.5,241.62,2
204,221.12,2
178.5,223.12,2
144,225.62,3.5
20,318.12,2.5
15.5,274.62,3
75,269.12,2.5
56.5,270.12,2.5
116.5,277.62,2.5
103.5,278.62,2.5
571,264.12,3
551.5,269.62,2
541,267.62,2
534.5,267.12,2
528.5,264.62,2
536.5,260.12,2
542.5,248.62,3.5
550.5,237.62,4.5
561,227.12,5.5
581.5,190.12,3
582.5,193.62,6
554,184.62,3
587,245.12,5
578,240.12,6
517.5,275.12,4.5
542.5,277.62,5
557.5,275.12,6.5
537.5,286.62,4
550,288.62,4
525,307.12,3
542.5,313.12,3.5
510.5,325.62,5
488,307.12,5.5
494.5,363.12,5
526.5,353.12,6.5
582,332.62,5.5
564,320.62,4
536.5,227.58,3
556,214.58,3
578,216.58,3
586.5,213.08,3
586,221.08,2
591.5,220.08,1.5
578.5,224.08,1.5
580.5,229.08,2.5
543.5,217.58,3.5
536.5,207.08,3.5
509.5,206.08,3.5
513,213.08,3.5
506.5,196.08,2.5
498,205.08,2.5
501,215.58,2
505.5,229.08,2
487.5,227.58,2.5
492,238.08,2.5
456.5,224.58,2.5
451.5,215.08,4
428,201.58,3
432.5,221.08,2.5
421,220.08,2.5
410,217.08,4
399.5,209.08,4.5
394,216.58,4
399,223.58,3
392.5,222.58,3
380,231.08,2
370.5,231.58,2
361.5,230.58,2.5
347,237.08,3
356,236.58,2.5
337.5,234.58,2
346.5,261.08,2
320,232.58,2
294.5,238.58,2
291,240.58,2
270.5,227.58,2
257.5,245.08,2
253,226.58,2
233.5,227.58,2
223.5,231.08,2
221,234.08,2
214,226.08,2
196.5,221.08,1.5
42.5,275.58,2.5
44,250.58,5
143,278.08,2
138,277.08,2.5
134,277.08,2.5
454.5,207.84,2.5
478.5,206.34,3
472.5,200.34,6
452.5,193.34,11.5
363,342.42,5.5
173.5,345.42,4.5
167.5,330.92,5
142,327.42,3.5
150.5,327.42,3.5
120.5,357.92,4
113.5,372.42,4.5
71,407.92,4.5
65.5,354.92,4.5
31.5,316.42,3
41.5,312.92,3
46,314.92,3
10.5,307.42,3.5
59,408.92,2
56.5,394.92,2
46,385.92,2.5
425,326.92,4.5
414.5,332.92,4.5
406.5,335.92,5.5
419,351.92,3
426,359.92,3.5
421,364.42,3.5
459.5,352.42,4
444,356.92,4
538,300.42,3
575.5,298.92,3
585.5,303.42,2.5
586,321.42,3.5
452,272.92,3.5
383.5,281.42,3
376.5,263.42,2
418,259.94,2
415,236.44,1.5
409,236.44,1.5
170,209.94,1.5
150.5,235.94,2.5
68,267.94,2.5
119,214.94,2.5
61,214.94,2.5
42,221.44,3
47.5,224.44,4
20,211.44,2.5
33.5,165.44,2
38.5,160.44,1.5
62,145.44,2.5
294.5,324.46,3
340,610.36,6
365,593.86,4.5
350,576.36,4
384.5,558.36,6
414.5,531.86,7.5
445.5,500.52,5
462,537.52,4
487.5,492.52,4
507,510.52,3
502.5,481.02,3.5
398,489.02,5
419,497.02,5.5
381,467.52,5.5
445,477.02,5.5
435.5,450.52,7
350.5,434.52,8.5
334.5,473.52,12
336,513.02,8
317,516.52,4
303.5,520.02,3.5
303.5,552.02,4.5
200.5,572.02,3.5
184.5,568.02,3.5
173,575.02,3
160,586.02,4.5
140,574.02,5.5
129.5,587.52,5.5
99,573.02,5
65.5,563.52,8.5
60,502.52,12
75,481.52,8.5
95.5,473.52,7.5
48.5,482.02,8.5
28.5,481.02,9.5
71.5,436.52,11.5
207.5,530.52,5.5
193,529.02,6
159,512.02,6
231.5,525.02,4.5
179.5,467.02,10
238.5,465.52,5.5
214,477.02,5.5
210.5,437.02,5.5
364,509.02,3
368,505.02,3
347,496.02,3.5
385.5,502.02,2.5
390.5,504.02,2.5
423.5,519.02,4.5
445,529.02,4
403,522.52,4
420.5,550.02,3
399.5,545.52,2
403.5,551.02,2
396,557.52,1.5
467,413.14,7.5
389.5,372.14,7.5
277,463.14,2.5
271,485.64,3.5
281.5,472.14,2.5
269,470.64,4
254.5,472.64,4.5
259,508.14,4
257,583.64,6
262,614.14,5.5
223.5,601.64,6.5
334.5,355.84,5
236,346.84,7.5
186,398.34,6
149,406.34,6
139,387.34,4.5
146.5,392.34,4
164,392.34,4.5
498,534.82,7.5
510.5,539.82,7
517,572.82,6
575.5,577.32,5
587,562.82,6
549,549.32,4
549.5,561.32,4
554,584.82,4.5
566.5,605.82,4.5
582,613.82,7
406.5,583.32,2.5
365,556.32,2
349.5,557.82,1.5
332,540.32,4
270,574.82,3
269,579.32,2.5
284,598.32,4.5
259,446.32,6
46,606.32,8
34,580.82,3.5
43.5,575.32,3
52.5,580.32,3
62,583.32,3.5
63.5,604.82,5
495,421.66,7
545.5,328.16,3.5
647.48,209.84,7
611.48,220.34,10
597.98,231.34,5.5
563.98,205.34,4.5
531.48,136.34,3
474.98,181.34,11
826.98,165.84,4
793.48,149.84,4.5
796.48,179.34,3.5
782.48,181.34,4
760.48,208.34,7
769.48,215.84,4.5
810.98,217.84,6
806.48,234.84,7
761.48,236.34,5.5
790.48,244.34,4.5
778.48,241.34,3.5
787.48,234.84,2.5
779.48,236.84,2.5
778.48,229.84,2
772.48,230.84,2
769.98,234.84,2
744.98,242.34,4
722.98,245.84,3
733.98,254.34,3
723.48,254.34,3.5
718.48,257.34,2.5
682.48,259.84,4.5
670.48,294.84,3
653.48,306.84,5
629.48,299.34,3.5
619.48,299.84,3.5
606.48,290.84,6
610.98,272.84,5
664.48,240.84,7
656.48,243.84,5
663.48,226.84,6
660.48,222.34,3.5
637.48,217.34,4.5
628.98,244.84,4
625.48,238.34,3.5
611.98,249.84,3.5
634.48,257.34,2.5
657.98,329.84,6.5
648.48,344.34,6.5
599.48,204.84,3
603.98,206.84,2
599.48,216.34,2
586.98,208.84,2.5
579.48,210.84,2.5
570.48,206.34,2.5
692.98,248.84,5
702.48,243.34,3
691.98,237.84,3
692.98,230.34,1.5
679.48,218.84,1.5
677.98,215.34,2.5
657.48,217.34,2
654.48,215.34,1
673.48,177.84,5
654.48,177.34,7
654.48,193.34,4.5
623.98,191.84,4
684.98,194.84,8
693.48,174.84,9.5
717.48,188.84,6
722.98,178.84,4.5
745.98,188.84,4.5
735.98,219.34,3.5
730.48,218.84,3.5
727.48,225.34,3.5
730.48,230.34,3.5
723.98,211.84,4
801.48,217.84,3
795.98,217.34,3.5
836.98,217.84,5.5
823.48,222.84,4
889.48,247.34,7
859.98,255.34,6
849.48,240.34,5
870.48,237.34,6
864.48,232.34,5
849.98,229.34,3.5
843.98,233.84,5.5
776.48,273.84,3.5
752.48,267.34,3
743.98,270.34,3.5
728.48,276.84,5.5
738.48,261.34,3.5
694.48,278.84,3
728.98,296.34,4.5
748.98,295.84,5
766.48,302.84,6
777.48,303.34,4
768.98,326.34,7
755.98,332.84,4.5
739.98,317.34,4
701.98,312.34,4.5
708.48,330.84,4.5
695.48,330.84,3.5
695.48,339.84,3.5
733.98,371.34,6
677.98,380.84,11.5
675.98,338.34,5
641.48,285.34,2.5
596.98,250.84,2.5
938.48,223.34,8.5
945.48,237.34,6.5
905.98,251.34,5.5
897.48,263.34,5.5
888.98,268.84,4
889.48,288.34,6
917.98,300.84,4.5
944.48,307.84,4
827.98,329.84,3
806.48,338.84,2.5
787.98,333.84,2.5
758.48,357.34,2.5
750.48,361.34,2.5
719.48,345.84,3.5
696.98,363.34,6
904.48,340.34,6
941.48,333.84,4.5
842.98,253.84,3
852.48,249.34,3
921.48,213.34,5
905.48,217.34,4
893.48,219.84,4
904.98,195.84,5
881.48,215.34,3.5
853.48,212.84,3.5
848.98,218.84,3.5
847.98,210.84,2.5
837.48,195.84,4
818.48,203.84,5
763.98,150.84,3.5
955.74,281.84,4.5
960.74,274.84,3.5
987.24,277.34,3.5
974.74,280.34,3
982.74,247.34,5
968.74,234.84,6
962.74,224.34,3.5
956.24,217.84,6.5
1009.24,279.34,9.5
1012.24,251.84,6
1023.24,245.84,6
1037.74,251.84,7
1004.24,240.34,7.5
1066.74,294.84,8
1082.74,274.84,6
1092.74,274.84,5.5
1043.24,277.34,5
1023.74,270.84,4
968.24,256.84,4
1053.24,225.84,5
1060.74,213.84,4
1041.74,209.34,4
1015.24,200.34,4
997.74,169.34,8.5
1109.24,206.84,6
1142.24,228.84,7.5
1190.24,273.34,6
1151.74,265.84,4
1129.24,280.34,6
1120.24,273.34,3
1110.24,275.34,2.5
1162.24,266.84,5.5
1173.74,259.84,4.5
1210.74,231.34,4
1198.74,240.34,4.5
1199.24,222.34,3.5
1202.24,187.84,7.5
1210.74,167.34,8
1226.74,184.34,7.5
1215.74,215.34,9
1240.74,225.84,5.5
1240.24,238.34,6
1229.24,231.34,5
1192.24,288.34,3.5
1238.24,277.34,5.5
1242.24,263.34,5
1273.74,251.84,6.5
1265.24,291.34,6
1259.74,274.84,4
1276.24,303.04,6.5
1194.74,330.54,6.5
1140.24,201.34,6
1097.74,151.84,5
1119.74,142.34,4
1105.24,250.84,5
1080.24,242.84,9.5
1082.74,225.84,4.5
1086.74,215.34,3.5
1101.24,221.34,2.5
1094.24,239.34,2.5
1113.74,235.34,3
1123.24,244.84,2.5
1136.74,268.84,4
1150.24,277.34,3.5
1137.74,283.34,2.5
1170.74,289.34,3
1159.24,289.84,3
1147.74,298.34,2
1078.74,331.84,4.5
1093.24,318.34,3
1074.24,318.34,4
1050.74,313.84,3
1040.74,328.84,3.5
1024.24,331.84,3
1032.74,313.84,2.5
1018.74,299.34,2
1012.24,332.34,2.5
1020.24,363.84,3
1030.24,360.34,2.5
1040.74,352.34,3
1048.24,351.34,3
894.24,331.84,8
885.24,315.34,4
827.74,354.84,5.5
791.74,267.34,4.5
886.74,234.84,3
895.24,234.34,3
867.24,224.84,3
904.24,208.34,4
866.74,174.34,31.5
1154.74,370.84,8.5
1173.24,368.34,7
1029.24,206.34,5
1016.24,178.84,4.5
1021.24,164.34,4.5
1014.74,137.84,5
1265.24,235.84,5
1222.74,320.84,3.5
1252.24,361.84,3.5
1243.74,382.34,3.5
1207.24,372.84,3.5
1175.56,341.84,4
1188.06,356.84,5
1118.24,371.84,4.5
1107.74,364.84,5
1073.74,343.34,4
1031.74,298.84,2.5
1132.24,239.34,3
1089.24,232.84,3
1073.74,232.34,4.5
1071.74,222.84,2
1070.24,216.34,2
1033.74,218.84,2
1027.24,225.34,3
1013.24,217.84,2.5
997.24,224.84,3
1158.24,408.38,11.5
1175.24,417.88,9
1048.24,423.88,7
1044.74,401.88,6
995.74,375.38,11
921.74,443.88,10.5
880.74,540.38,11
973.74,510.38,9.5
1117.24,554.88,8
1157.74,532.38,7
1219.74,556.38,7
1213.74,520.38,6
1252.24,490.88,6
1174.24,445.88,7.5
1146.74,483.88,5.5
1134.24,495.38,6
1077.24,394.38,5
1106.24,408.38,4.5
1131.74,409.88,6
1082.74,458.88,5
1082.24,476.88,3.5
1087.24,484.38,3.5
1097.74,496.88,4
1064.24,453.38,4
1098.24,542.38,3
1135.24,523.88,3.5
1147.24,545.88,3
1133.74,571.88,5.5
1121.24,198.12,3.5
1123.24,187.62,2.5
1106.74,179.12,12
1093.74,190.12,9
1059.24,176.62,30.5
1241.74,335.02,3
1271.74,330.52,3
1253.24,292.52,2.5
1244.24,293.52,4.5
1260.74,259.02,1.5
1276.24,225.02,2
1123.74,233.02,2
1107.74,232.02,1.5
1168.74,243.02,3.5
1182.24,229.02,3.5
1189.24,241.02,3.5
1187.74,234.02,2
1057.74,365.02,4.5
978.24,361.02,4
927.24,360.52,6.5
963.74,444.52,7
975.74,464.02,4.5
926.24,495.52,6
1191.24,595.4,7
1205.74,572.4,6.5
1232.24,607.4,5.5
1096.74,589.9,5.5
1032.74,607.9,5
911.74,591.9,9.5
864.24,581.9,7
850.74,547.9,5.5
819.74,576.4,6
830.74,530.9,4
801.74,547.9,3.5
772.24,573.4,4
1231.74,429.72,6
1207.24,417.22,4
1194.74,412.22,5.5
1275.82,457.22,10.5
1066.4,552.22,3.5
1058.4,550.22,3.5
1065.4,544.22,3
1022.4,526.72,3
961.4,526.72,5
950.4,582.72,6
890.4,461.72,6.5
959.4,464.22,8.5
960.4,484.22,6
978.9,481.22,6
1001.4,477.72,5
851.9,439.22,4.5
810.9,489.22,6
896.74,383.72,6.5
1163.74,227.5,8
1252.24,172,6
1267.74,160,5.5
1091.24,616.86,5
1207.74,592.36,3.5
1017.74,585.86,2.5
1008.24,584.86,2.5
1009.74,592.86,3.5
1000.74,587.86,3
874.24,582.36,3
906.24,568.36,4
935.24,561.86,4.5
832.24,582.86,3.5
828.24,582.36,3.5
737.74,594.86,4
749.24,591.36,3
743.74,593.36,3
758.24,596.86,2.5
752.74,595.86,2.5
765.24,595.86,2.5
759.24,589.36,2.5
749.74,599.36,2
746.74,600.36,2
743.24,602.36,1.5
819.74,586.86,1.5
816.74,590.36,1.5
783.24,582.86,1.5
780.24,580.86,1.5
738.24,584.36,3
719.24,588.36,5
712.24,596.86,6
704.24,584.86,4.5
704.74,569.86,4.5
719.24,564.86,3.5
731.74,586.86,1
816.24,560.86,1.5
812.24,563.36,1.5
1086.24,582.36,2
1045.24,585.86,2
1062.74,603.86,2
1256.24,617.36,4
1264.24,613.86,3
1263.24,590.36,3
1273.74,587.36,3
1257.24,592.86,2.5
1270.74,547.36,2.5
1248.24,554.36,2.5
1243.74,589.36,2
1245.74,598.36,1.5
1253.24,595.86,2
1228.24,566.86,2
1257.74,557.36,2
1259.74,551.86,2
1076.24,583.86,1.5
636.04,585.82,5.5
691.54,562.82,6.5
687.04,553.82,5
669.54,564.82,4.5
640.04,546.82,3.5
599.04,504.32,7
606.54,537.32,4.5
597.04,530.82,5
584.54,529.82,5
858.04,608.68,7
661.04,609.68,5.5
613.54,576.68,4.5
601.54,589.18,5
630.04,607.68,4
425.16,616.68,5
313.66,600.68,4.5
618.16,357.28,4
610.66,347.78,3.5
618.66,337.28,3.5
623.16,319.28,3.5
600.16,309.78,3.5
593.66,309.78,3
560.16,292.78,2.5
158.5,606.6,3
150.5,607.1,3
125.5,611.1,3.5
117,613.6,4
299,608.6,2.5
247.5,601.1,2.5
253.5,599.1,2
197,545.1,3.5
151.5,552.6,3.5
118.5,564.1,2.5
288.5,565.76,3
7.5,320.54,5.5
294,218.54,2
296.5,210.04,2
298,217.04,1.5
320.5,214.54,1.5
303.5,242.54,1.5
435,560.98,1.5
451.5,556.48,1.5
446.5,560.98,1.5
461,551.48,1.5
523,562.18,3
526,549.68,2.5
556,510.68,3.5
219,556.44,2.5
209.5,553.94,2.5
203,555.44,2.5
198,560.94,2
213.5,565.94,1.5
249.5,571.44,2.5
358.5,609.44,2
493,563.44,2
167.5,150.14,8,10.7,0
185,138.14,7,9.2,0
148,134.64,7,10.2,0
202,150.64,10.5,12.2,0
203.5,177.64,11.5,14.2,0
227.5,165.14,13.5,15.7,0
29.5,158.64,5.5,6.2,0
32.5,137.64,6,7.7,0
54.5,124.64,6,7.7,0
19,148.14,4.5,5.2,0
86.5,130.64,9,10.2,0
89,173.14,10,11.7,0
216,141.14,6.5,8.2,0
236,121.14,7,9.7,0
122.5,125.14,5.5,7.7,0
111.5,123.14,5,6.7,0
252.5,116.64,5,6.7,0
336,123.14,7.5,10.2,0
349,171.14,19,22.2,0
392,160.64,11,14.2,0
368,147.14,10.5,13.2,0
481,153.64,10.5,14.2,0
476,126.14,9,11.7,0
339.5,144.64,6,8.7,0
449,127.64,6,8.7,0
434,126.14,4,6.7,0
513.5,166.64,19.5,22.7,0
580,166.14,23.5,26.7,0
636,172.14,24,27.7,0
681.5,162.14,12,14.7,0
723,162.14,14,14.7,0
750,167.14,14.5,16.7,0
956.74,175.14,30.5,27.7,0
623.62,137.14,8,12.2,0
700.62,139.14,8,12.2,0
725.12,123.14,7.5,10.7,0
758.12,141.14,6,8.2,0
741.12,132.14,4.5,6.2,0
805.62,146.64,6.5,8.7,0
603.12,132.64,3.5,5.2,0
556.62,133.64,3,4.7,0
509.62,133.14,3.5,5.2,0
784.62,128.64,3.5,5.2,0
100,137.64,4,5.7,0
19,137.64,4,4.7,0
1170.74,174.4,35,34.7,0
775.74,128.4,9.5,14.2,0
969.74,137.9,5.5,7.7,0
1238.74,157.4,8,11.2,0
1252.74,139.9,8,11.2,-0.524
1093.08,135.18,7.5,9.7,0.087
1057.58,125.18,7.5,9.7,0.087
905.08,131.68,5,7.7,0.087
1216.24,127.6,5.5,7.75,0
1203.74,127.1,5,7.25,0
1192.24,138.6,3.5,4.75,0
990.44,603.98,12,14.25,-0.349
89,363.48,4.5
134.5,338.98,3.5
95.5,342.48,3
96,313.98,3.5
39.5,300.48,4
206,413.98,4
180,443.48,7
120.5,460.48,4.5
100,443.48,4.5
117,487.98,5
240.5,429.48,5
273.5,407.48,5.5
302,361.48,5.5
802.94,381.98,7.5
911.44,417.98,5.5
923.44,460.48,5.5
939.94,447.98,5.5
935.94,424.98,5.5
952.94,423.98,4
942.44,397.48,4.5
972.94,340.48,4
969.94,334.98,3.5
762.94,406.48,6
829.4,369.24,4.5
803.4,351.24,5
790.9,357.74,4.5
782.4,352.74,5
502.5,555.78,2
504,614.78,4.5
523,607.28,4
807.24,430.3,14300.5,117.36,5.5,7.75,0
166.5,128.36,7.5,10.25,0
509,123.36,8.5,11.25,0
221.5,120.86,7,9.75,0
378,132.36,3.5,5.25,0
350.5,138.36,4.5,6.25,0
326.5,131.86,4,5.75,0
214.5,119.36,6,8.25,0
267,126.36,4.5,7.75,0
660.1,124.36,12,13.25,0
642.1,131.86,4,5.75,0
669.1,137.36,3.5,5.25,0
690.6,125.36,5,7.25,0
818.74,121.36,7.5,9.75,0
830.24,124.86,5.5,8.25,0
838.24,119.86,7.5,10.25,0
891.24,128.36,3.5,5.75,0
920.24,128.86,3,4.75,0
992.74,119.36,4,5.25,0
1031.24,125.86,6.5,9.25,0
1080.74,121.86,4.5,6.75,0
1231.74,125.36,4.5,6.75,0
1161.74,134.36,9,11.75,0
869.24,312.62,11.5,9.25,0
229,138.94,2.5,4.25,0
698.04,628,8.5,9.25,0
653.04,623,8,8.75,0
529.04,627.5,7.5,9.25,0
203,624.66,11.5
139,629.66,8.5
670.86,614.16,3
690.36,604.16,3
622.86,553.16,9
819.86,622.66,7.5
836.36,627.16,7.5
839.86,616.16,5
902.36,613.66,5
875.36,611.66,3
598.6,609.16,3.5
648.6,582.16,2.5
627.1,584.16,2.5
617.6,584.16,2.5
608.1,587.66,3
944.02,573.66,8
477,632.78,8.5
242,178.54,4.5
1185.74,213.04,6.5
1194.74,206.04,4.5
1207.74,204.04,4
1224.74,200.54,5
1247.24,204.54,6
1234.24,212.54,4
1266.74,230.54,3
1253.24,160.04,2
937.5,200.04,4
931.5,191.04,4.5
850.42,310.44,4
765.92,264.94,2
771.92,261.94,1.5
734.92,266.44,4.5
787.92,216.94,2.5
802.42,226.94,2.5
737.42,230.94,2.5
1227.24,338.78,8
1261.24,315.78,5.53,15.5,619.1,6
82,513.34,4
20.5,539.84,2.5
12,549.34,3
56.5,532.34,3
78,555.34,2.5
178,520.84,4
98.5,428.34,3.5
123,475.34,3.5
129,471.84,3
123,447.34,3.5
134,442.34,3
143,436.84,2.5
143.5,443.84,3
154.5,441.34,2.5
165,433.34,2.5
182.5,428.84,4
85.5,381.34,6
102.5,557.34,2.5
98.5,560.84,2.5
108,555.84,2.5
121.5,549.34,2.5
131,545.34,2
139.5,546.84,3
154,561.84,2.5
158,565.34,2.5
160.5,557.34,2
106,571.84,2
67,592.34,3
6,582.34,2
10,578.84,1.5
8.5,562.34,1.5
25.5,550.34,2
25.5,576.34,1.5
91,489.84,2
85.5,492.84,2
1.5,494.84,3
35,545.34,1.5
215.84,583.84,2.5
189.34,593.34,3
233.84,505.84,3.5
237.34,514.84,3
257.84,485.84,3.5
281.34,483.84,4.5
218.84,507.84,3
212.84,509.84,3
219.34,514.84,2.5
182.84,484.84,2.5
355.34,369.88,4
333.34,388.38,3
333.84,437.88,3.5
293.34,438.38,3.5
289.84,458.88,3.5
239.84,451.88,4
253.84,352.88,4
283.84,340.38,3.5
249.84,360.88,3.5
244.34,389.88,3.5
156.34,340.38,3.5
173.84,335.38,3
189.34,330.38,2.5
170.34,371.88,3
190.84,379.38,3.5
147.84,359.38,3.5
139.34,367.88,3.5
145.84,369.38,3.5
111.34,351.38,3
94.84,379.88,3.5
21,291.52,3.5
22.5,275.52,3.5
86.5,275.02,3
31.5,297.52,3
38,314.52,2.5
47.5,328.02,3
49.5,324.02,2.5
60,327.02,2.5
58,344.52,3
54,377.52,3
33.5,378.52,2.5
23.5,373.02,3
11,411.52,3
309,329.52,3
317,334.02,3
66,332.52,2.5
42,355.52,2.5
30.5,339.52,2
22,340.52,2.5
207,378.02,3
185,358.02,3
191,357.52,3
201.5,350.52,2.5
208.5,354.52,3
186,368.02,3
201,366.52,2.5
197,363.02,2.5
216.5,382.52,2.5
222,379.52,3
229,378.02,2.5
228,364.52,3.5
242,367.52,2.5
237.5,375.02,3
225.5,391.02,2.5
214,394.02,2.5
159.5,405.02,2.5
158,381.02,2.5
163,426.52,2.5
219,413.02,3.5
234,408.02,3
262.5,424.52,3.5
272,429.52,3.5
214.5,445.52,3.5
198.5,395.02,2.5
199.5,400.52,2
200.5,431.52,2.5
292,408.52,3
292,420.52,3
306,391.02,3.5
318,390.02,3
311,386.02,3
321.5,385.02,2.5
324,376.02,3
342.5,372.52,2.5
329.5,369.02,2.5
249.5,330.02,2.5
225,335.02,3
219,338.02,2.5
91.5,273.02,4
466.5,377.52,4.5
475,371.52,4
487.5,385.02,4
426,403.02,3.5
381.5,423.02,4.5
409.5,410.02,3
422.5,439.52,3.5
417.5,448.02,3.5
406.5,450.52,3
400.5,452.52,3
390.5,456.02,3
405,461.52,3
254.5,419.02,2.5
30,346.52,2.5
10,356.52,2.5
2,366.02,2.5
15.5,369.02,2.5
28,383.02,2.5
235,327.02,2
245,336.02,2
294,337.52,2.5
301,336.02,2.5
300,327.02,2.5
316,352.02,2
392.5,356.52,2
398,349.02,3
390,424.52,3
411,427.52,3
290,482.82,2.5
278,507.82,3
287.5,503.82,2.5
257.5,536.82,2.5
247.5,551.34,2.5
270.5,553.84,2
308.5,541.84,3
326.5,534.84,3
339.5,530.84,2.5
323,507.84,2.5
165,600.34,2
158.5,577.84,2
150,580.34,1.5
334,554.34,1.5
310.5,568.84,1.5
434.04,345.58,2.5
472.04,398.58,4
455.54,378.08,3
434.04,379.58,2.5
438.54,379.58,2.5
526.04,370.08,3.5
531.04,379.58,3
526.04,384.58,3
514.54,388.08,3.5
510.04,383.58,3
501.04,392.08,4
517.54,404.08,4
532.04,401.58,3.5
542.54,407.08,3.5
548.04,404.08,3.5
527.04,432.58,4
526.54,451.08,3.5
499.54,455.08,3.5
513.54,430.58,3.5
504.54,425.08,3.5
475.04,443.58,4
564.04,378.58,3
558.04,368.58,4.5
570.04,358.08,3.5
582.04,368.08,3.5
557.04,353.58,3.5
554.04,361.58,3
538.04,373.58,2.5
504.04,358.08,2.5
571.04,348.58,2.5
563.04,344.58,2.5
557.04,340.08,2.5
543.54,338.58,2
613.3,376.58,4
603.8,354.58,4.5
630.3,352.58,3
629.3,333.08,2.5
593.8,335.58,3
644.8,373.58,3
661.3,416.58,4
652.3,420.08,4
645.3,420.58,4
623.8,425.58,4.5
628.3,466.08,5
642.8,486.08,5
652.8,489.58,5
618.8,497.08,4.5
582.3,487.08,3
572.8,496.58,3
566.8,509.58,3
586.8,477.08,2
595.3,475.08,2.5
605.8,472.58,2.5
582.8,502.08,2
577.3,506.58,2
629.3,510.08,2.5
626.8,521.58,2.5
668.8,512.08,2.5
647.8,514.58,2
670.3,453.58,5
692.3,480.58,5
711.8,467.58,5.5
732.3,441.58,5.5
808.8,430.58,13.5
691.8,399.08,6.5
670.3,367.58,6.5
675.8,352.08,3.5
691.8,351.08,4
608.3,411.58,4
597.3,412.58,4
598.3,403.58,3.5
587.8,407.58,3.5
627.8,405.08,3.5
644.8,399.58,3
611.8,433.58,3
612.3,445.08,4
649.8,437.08,3.5
640.3,470.08,4.5
705.8,440.58,3
729.8,407.08,5.5
744.8,403.58,6
725.3,395.58,3.5
697.8,392.58,4
669.3,344.08,6
715.8,298.08,4.5
634.3,288.58,3.5
643.3,305.08,3
670.3,328.58,3
674.8,328.58,2.5
662.3,362.58,2.5
660.8,378.58,4.5
709.3,406.08,3
779.3,406.58,6
826.8,432.58,5.5
835.8,447.58,5
836.3,482.58,4
819.8,474.58,3.5
794.8,463.08,2.5
790.3,466.58,2.5
782.8,466.08,2.5
772.3,458.58,2.5
784.3,454.08,3
792.8,451.08,3
767.8,468.08,2.5
768.3,488.58,3
781.8,483.58,5
757.3,502.58,4.5
748.3,497.08,3
725.3,466.58,3
828.3,379.08,4
874.3,378.58,4.5
866.8,371.58,5
877.8,375.08,4
880.8,359.58,2.5
876.8,330.08,2.5
811.3,335.08,4.5
778.8,311.58,4
751.3,523.4,3
770.8,513.9,2.5
720.8,539.9,4
716.3,531.9,4.5
697.8,537.9,3.5
713.3,513.4,3.5
704.3,509.4,2.5
693.3,515.9,2
686.8,518.9,2
662.3,533.4,3.5
673.8,551.4,3.5
651.3,553.9,2
642.8,560.4,2
631.8,567.4,2.5
622.3,571.9,2
647.8,588.4,2.5
680.8,571.4,1.5
675.8,575.9,1.5
701.8,560.9,3.5
722.3,602.4,3
792.3,494.4,4
808.3,511.9,4
815.3,500.9,3.5
808.3,530.4,2.5
818.3,520.4,2.5
777.8,338.22,2.5
800.8,410.72,4
862.3,405.22,3.5
870.8,409.72,3
893.3,415.72,4
840.3,426.72,4
919.8,274.9,4
926.3,271.9,3
844.3,272.9,2
818.8,259.4,3
670.3,188.9,3.5
933.3,207.4,4
934.3,243.9,2
911.3,344.34,3.5
928.3,373.34,3
841.3,381.84,2.5
1058.74,377.84,4.5
1081.24,441.34,3
1069.24,441.84,3
1052.24,456.84,3
1041.74,455.84,3
1031.24,460.34,2.5
1019.24,462.84,2.5
1162.74,465.84,2
1196.24,448.34,2.5
1201.74,436.84,2.5
1237.74,474.84,4.5
1204.24,506.5,2.5
1217.24,503.5,2.5
1012.24,540,2
917.24,518,2
1134.74,228.16,4.5
1018.74,391.16,4
1015.24,322.16,4
1001.24,330.16,3
866.24,284.16,2
837.24,260.66,2
1190.24,380.66,3
125.5,502.66,2
63,537.66,2
308,466.16,1.5
430,385.16,2
412,371.66,2
381,335.16,2.5
244,416.24,2
250.5,392.74,1.5
223,419.74,2
243,443.24,4
90,439.74,6
997.64,208.38,6,9.5,0.349
16.5,614.08,5.5
100.5,612.58,4.5
383.2,620.08,4
368.2,620.58,3.5
437.2,618.08,3.5
448.7,617.58,3
471.2,615.58,3
564.7,596.08,2.5
545.7,578.58,2
530.7,577.58,2
534.2,583.58,2
507.2,547.58,3
1171.74,615.08,2.5
1152.74,622.08,3.5
1174.24,622.58,3.5
1214.24,618.58,3
707.66,604.58,2
701.66,603.58,1.5
698.66,604.58,1.5
278.3,591.08,2
295.3,586.08,1.5
277.3,561.58,1.5
265.8,555.08,1.5
303.18,581.08,1.5
305.68,585.08,1.5
305.18,570.58,1.5
385.18,547.08,2.5
398.18,608.08,2
122,313.72,2.5
113,340.72,2.5
76,327.22,2
69,323.22,2
78,357.72,2.5
50.5,348.72,2461.5,126.38,7,10.25,0
300,118.88,5,7.25,0
282,116.38,4.5,6.25,0
200.5,120.88,7,9.75,0
153.5,117.38,6.5,7.75,0
74.5,119.38,6.5,7.25,0
15.5,118.38,5,7.25,0
362,133.38,5,7.25,0
299.5,178.88,5.5,7.25,0
457.74,169.38,11,13.25,0
526.24,116.38,4,5.75,0
536.24,117.38,4,5.75,0
625.24,118.38,3,5.25,0
688.24,140.38,4,6.25,0.436
698.74,121.88,4,6.25,-0.175
710.24,137.38,3,3.75,0
708.74,144.38,3,3.25,0
702.74,199.38,2.5,2.75,0
712.24,194.88,2,2.25,0
787.74,137.38,3.5,4.25,0
715.24,117.38,3.5,4.75,0
546.24,160.88,4,5.25,0.087
854.66,119.88,5.5,7.75,-0.175
809.16,121.88,6.5,9.25,-0.436
832.16,138.38,5.5,8.25,0.349
931.16,119.88,4.5,5.75,-0.262
971.66,122.88,5,7.75,-0.087
1145.16,120.38,7,7.75,-0.087
1107.66,130.38,4,5.25,-0.087
1040.66,120.88,5.5,6.75,0.175
955.74,119.1,6.5
1077.24,132.6,3
1092.24,118.6,6
1079.24,215.1,3.5
1162.74,123.8,8.5
1023.74,216.58,3
974.74,223.08,2.5
979.24,224.58,2.5
978.74,202.08,2.5
1001.24,227.08,2
1093.24,228.08,2
1131.74,260.58,2
1145.74,270.58,2.5
1117.24,217.58,2
1107.24,218.08,2
1126.24,207.08,3
1134.24,208.08,3
1157.24,212.08,2.5
1138.24,303.08,2
1107.74,286.08,2
1101.74,273.58,1.5
1085.24,283.08,2
917.24,235.58,1.5
887.24,211.08,2
867.74,131.24,7.5
410.5,162.24,2.5
313,126.24,2.5
274,203.74,2.5
67,138.24,3
1182.24,624.34,3
1017.74,635.84,6
1099.74,635.84,4.5
411.64,179.1,2.5
418.64,179.1,2
437.14,162.6,2
376.14,202.6,2
299.5,638.08,7
275,632.58,6
502.4,264.8,3,3.35,0
405.4,266.8,3,3.35,0
389.4,193.8,5.5,5.85,0
352.4,206.8,6.5,6.85,0
549.4,221.2,2.5,3.35,0
313.4,619.4,5.5,6.35,0
786.8,624.4,7,7.85,0
917.8,580.4,2.5,3.35,0
803.8,555.4,3,3.85,0
321,608.4,3.5,4.35,0
223,618.4,4.5,5.35,0
653.6,260.4,4,4.85,0
683.6,246.4,2.5,3.35,0
676.6,243.4,2.5,3.35,0
640.6,277.4,3,3.85,0
672.6,207.4,5,5.85,0
637.6,205.4,5,5.85,0
624.6,221.4,4,4.85,0
622.6,232.4,2.5,3.35,0
559.6,244.4,2.5,3.35,0
335,285.4,3,3.85,0
325,227.4,2.5,3.35,0
316,224.4,2.5,3.35,0
443,269.4,3,3.35,0
3,234.4,3.5,3.85,0
48,199.4,2.5,2.85,0
168,268.4,2.5,2.85,0
133,254.4,2.5,2.85,0
606,266.4,2.5,2.85,0
648,229.4,2.5,2.85,0
665,217.4,3,3.35,0
629,211.4,2.5,2.85,0
899.8,558.2,2.5,2.85,0
384.2,613.2,2.5,2.85,0
541.2,592.2,2.5,2.85,0
282,613.2,2.5,2.85,0
474.4,346.6,3.5,3.85,0
905.2,392.6,4.5,4.85,0
976.2,372.6,5.5,5.85,0
885.2,350.6,3,3.35,0
771.2,343.6,3,3.35,0
343.8,458.6,5,4.85,0
415.8,508.6,5.5,5.85,0
1102.4,442.8,4.5,4.85,0
333.8,628.2,6.5,6.85,0
335.8,619.2,3.5,3.85,0
459.8,619.2,3,3.35,0
491.8,619.2,3,3.35,0
465.8,620.2,3,3.35,0
162.8,625.2,5.5,5.35,0
213.8,616.2,3.5,3.35,0
575.8,629.2,6.5,6.35,0
729.8,631.2,6.5,6.35,0
555.8,616.2,2.5,3.31,0
759.8,523.2,3,3.31,0
801.8,535.2,3,3.31,0
781.8,497.2,3.5,3.81,0
155,316.4,3.5,3.81,0